NAME: kroA100
TYPE: TSP
OPTIMAL: 21282
DIMENSION: 100
EDGE_WEIGHT_FORMAT: FULL_MATRIX
0 1693 2252 1104 2523 397 1447 425 1424 749 902 1547 2554 2378 1015 1259 1018 1167 814 1405 885 1330 882 1206 1194 1511 1572 416 2081 2145 887 790 2641 1804 1576 1173 2518 1225 2102 1358 2698 661 2251 1668 923 2115 429 2523 442 1707 1129 2474 1010 1394 1708 795 1360 718 1031 1152 1043 1260 288 1366 1250 1286 593 1618 1241 1387 2635 802 1531 942 628 2649 1048 2442 1008 863 1220 2186 1716 888 1734 1508 1255 1219 806 644 753 303 413 1359 2431 2377 815 783 1468 2643 
1693 0 1708 2403 1186 2057 1392 1620 1343 2442 2359 1606 970 1662 2446 2831 2455 2837 2310 1603 2502 2897 1921 2895 893 2671 1737 1363 1501 1191 1592 2166 1069 1451 1893 2858 1143 2917 961 337 1984 1536 1835 257 2124 1636 1933 1596 2094 416 1147 1302 2577 331 1529 1903 1400 1161 2626 1851 1006 1803 1979 332 2527 2618 1103 711 573 2887 1902 2459 462 2544 2076 1045 1664 1262 2647 1670 843 570 1513 2581 832 1752 1219 2806 1420 2302 1978 1769 1400 2963 794 1201 2093 1911 3156 1831 
2252 1708 0 3333 1074 2623 811 2502 829 2794 2265 782 1533 221 2280 3482 2293 3286 3066 934 2582 3552 1703 3246 1184 3717 846 1856 214 592 2770 2087 1533 448 983 3047 1133 3216 851 1731 451 2592 171 1452 1896 139 2139 507 2670 1293 1138 823 3246 1828 567 2917 903 1572 2626 1378 1275 1228 2474 1651 3480 3529 1872 1021 1424 3631 401 2640 1287 2583 2870 1615 1333 833 3193 2812 1193 1531 553 2913 881 927 1001 3435 2587 2842 1885 2515 1846 3554 1633 826 3018 1786 3315 454 
1104 2403 3333 0 3447 822 2538 851 2512 1030 1695 2649 3362 3442 1794 625 1789 929 372 2508 1445 661 1928 1101 2204 417 2675 1478 3150 3152 844 1697 3459 2887 2674 1336 3428 1190 3061 2087 3771 868 3343 2479 1895 3198 1395 3556 785 2569 2196 3448 498 2072 2802 500 2454 1763 1573 2235 2076 2353 974 2131 147 216 1502 2575 2133 554 3704 1293 2416 1508 477 3444 2148 3412 718 758 2216 2965 2808 1061 2713 2611 2332 644 992 747 1760 819 1491 785 3196 3344 324 1821 1499 3701 
2523 1186 1074 3447 0 2919 1424 2606 1400 3218 2883 1553 502 891 2934 3770 2947 3681 3277 1656 3135 3840 2329 3692 1344 3765 1676 2114 973 553 2701 2683 475 1178 1851 3569 69 3689 437 1413 1079 2594 1245 1007 2548 1107 2592 652 2964 887 1498 259 3516 1468 1343 2962 1500 1818 3222 2088 1506 1965 2800 1350 3584 3661 1971 906 1317 3869 1007 3145 1031 3157 3049 564 1958 242 3531 2768 1310 704 1319 3355 805 1738 1442 3735 2516 3166 2468 2701 2129 3879 671 253 3124 2374 3863 894 
397 2057 2623 822 2919 0 1812 534 1794 436 907 1892 2941 2758 1015 867 1012 782 474 1744 737 937 1111 843 1590 1239 1900 811 2458 2539 944 881 3029 2175 1880 877 2914 878 2499 1720 3071 764 2610 2051 1074 2484 574 2911 47 2096 1514 2870 624 1745 2068 698 1722 1113 886 1429 1438 1556 157 1736 960 970 974 2014 1631 1008 3011 604 1923 803 374 3034 1361 2839 612 886 1616 2567 2078 561 2131 1830 1634 825 943 249 939 329 804 962 2811 2773 610 1003 1154 3025 
1447 1392 811 2538 1424 1812 0 1725 50 1989 1511 216 1709 963 1545 2671 1558 2481 2260 242 1806 2740 942 2448 556 2931 346 1062 663 895 2041 1320 1756 367 509 2266 1454 2423 1006 1259 1261 1844 805 1165 1154 672 1333 1165 1859 1052 383 1263 2435 1362 264 2145 93 800 1867 666 562 542 1663 1187 2686 2730 1131 741 895 2820 1205 1851 935 1814 2070 1811 560 1246 2383 2071 594 1509 270 2112 714 369 238 2624 1867 2031 1109 1719 1047 2744 1707 1196 2230 1010 2544 1231 
425 1620 2502 851 2606 534 1725 0 1693 970 1307 1859 2554 2600 1421 1211 1422 1257 691 1729 1228 1277 1295 1351 1355 1216 1905 671 2313 2302 465 1211 2648 2060 1934 1410 2590 1397 2213 1289 2934 248 2524 1661 1347 2369 850 2707 553 1737 1365 2599 958 1293 1989 421 1647 930 1379 1539 1233 1631 554 1321 994 1061 651 1726 1289 1276 2865 1114 1577 1291 457 2641 1412 2563 1048 439 1366 2164 1993 1092 1862 1850 1506 1188 416 739 1176 206 697 1346 2403 2496 527 1200 1684 2857 
1424 1343 829 2512 1400 1794 50 1693 0 1981 1519 266 1674 972 1556 2655 1569 2471 2238 281 1808 2724 951 2442 506 2902 395 1034 671 878 2003 1325 1723 381 556 2266 1428 2419 977 1209 1277 1808 832 1117 1165 691 1325 1164 1841 1006 342 1247 2417 1312 298 2113 100 766 1872 688 517 570 1645 1137 2659 2705 1092 697 845 2801 1219 1848 886 1818 2045 1776 570 1228 2369 2035 544 1467 300 2106 676 415 195 2609 1828 2016 1113 1693 1021 2731 1668 1176 2201 1014 2546 1240 
749 2442 2794 1030 3218 436 1989 970 1981 0 721 2025 3287 2952 802 770 795 493 664 1871 420 830 1137 474 1875 1416 2003 1118 2652 2793 1366 796 3371 2356 1945 441 3220 478 2787 2107 3244 1198 2756 2410 1017 2654 656 3136 421 2437 1750 3142 617 2142 2227 1079 1896 1402 543 1481 1713 1626 465 2114 1137 1102 1341 2315 1973 970 3192 270 2259 481 712 3384 1470 3113 454 1302 1909 2927 2241 140 2415 1926 1848 713 1377 300 945 765 1096 792 3173 3050 934 1036 726 3220 
902 2359 2265 1695 2883 907 1511 1307 1519 721 0 1483 3056 2450 113 1488 115 1161 1324 1334 349 1545 569 1060 1592 2102 1427 1026 2159 2391 1771 202 3127 1859 1329 804 2900 1005 2447 2053 2705 1554 2196 2253 370 2130 485 2673 931 2232 1392 2757 1334 2118 1707 1592 1422 1200 361 888 1432 1039 792 2032 1819 1801 1325 2027 1808 1691 2665 467 2055 329 1280 3158 951 2735 1173 1734 1638 2746 1725 781 2089 1346 1442 1430 1707 954 415 1128 982 1491 2985 2679 1516 510 1053 2713 
1547 1606 782 2649 1553 1892 216 1859 266 2025 1483 0 1876 969 1501 2736 1514 2518 2352 154 1800 2804 921 2470 768 3050 136 1188 686 1005 2201 1304 1916 395 312 2265 1589 2437 1155 1474 1228 1996 731 1377 1115 647 1375 1207 1938 1259 571 1367 2509 1577 230 2279 241 955 1844 599 756 452 1738 1403 2796 2833 1296 943 1110 2896 1183 1861 1148 1800 2175 1976 556 1355 2438 2226 807 1700 251 2140 900 186 436 2686 2033 2097 1104 1833 1166 2798 1890 1312 2349 1006 2532 1230 
2554 970 1533 3362 502 2941 1709 2554 1674 3287 3056 1876 0 1370 3122 3756 3134 3720 3243 1951 3268 3824 2532 3755 1464 3640 2009 2170 1397 957 2561 2854 101 1543 2187 3673 433 3765 733 1275 1580 2494 1701 895 2752 1542 2703 1151 2982 850 1675 755 3501 1296 1694 2864 1768 1900 3372 2343 1626 2240 2841 1234 3489 3578 1967 1033 1314 3829 1507 3255 1028 3298 3010 103 2187 730 3548 2638 1419 400 1671 3427 1003 2060 1661 3728 2386 3190 2644 2682 2195 3880 216 715 3047 2558 3972 1396 
2378 1662 221 3442 891 2758 963 2600 972 2952 2450 969 1370 0 2471 3623 2484 3443 3190 1116 2760 3692 1884 3411 1255 3816 1047 1972 301 482 2839 2267 1361 598 1193 3223 955 3385 741 1727 344 2672 379 1410 2083 330 2296 288 2805 1248 1251 634 3382 1819 743 3009 1056 1679 2810 1568 1367 1420 2613 1648 3588 3643 1958 1014 1451 3763 268 2811 1274 2764 2987 1446 1507 649 3340 2886 1255 1415 726 3076 863 1126 1124 3577 2653 2985 2061 2629 1967 3701 1491 655 3123 1962 3496 268 
1015 2446 2280 1794 2934 1015 1545 1421 1556 802 113 1501 3122 2471 0 1561 13 1219 1422 1356 402 1615 607 1106 1661 2198 1436 1125 2183 2432 1884 280 3191 1885 1326 831 2953 1043 2499 2144 2716 1667 2203 2332 391 2147 595 2701 1037 2305 1451 2800 1419 2212 1728 1703 1458 1285 370 903 1503 1052 903 2121 1915 1893 1425 2091 1889 1767 2678 538 2130 365 1386 3225 986 2779 1249 1846 1708 2820 1747 848 2146 1355 1492 1503 1820 1049 479 1240 1081 1555 3057 2725 1623 565 1058 2731 
1259 2831 3482 625 3770 867 2671 1211 2655 770 1488 2736 3756 3623 1561 0 1552 399 523 2585 1162 70 1886 578 2452 840 2730 1675 3322 3404 1388 1563 3849 3036 2688 877 3761 674 3356 2499 3932 1334 3462 2862 1784 3343 1367 3779 820 2925 2381 3731 256 2504 2923 1021 2580 1978 1248 2226 2303 2365 1010 2528 631 534 1803 2869 2464 215 3874 1023 2757 1211 756 3846 2190 3699 316 1301 2476 3371 2934 715 2990 2657 2499 58 1495 640 1697 1075 1670 161 3611 3633 805 1781 951 3890 
1018 2455 2293 1789 2947 1012 1558 1422 1569 795 115 1514 3134 2484 13 1552 0 1209 1417 1369 393 1606 619 1095 1672 2193 1449 1133 2196 2445 1885 289 3202 1898 1339 819 2965 1031 2511 2153 2729 1668 2216 2342 404 2160 599 2714 1034 2316 1463 2813 1412 2221 1741 1701 1470 1295 358 916 1514 1065 902 2130 1910 1887 1432 2102 1899 1759 2691 530 2140 354 1384 3236 999 2792 1241 1847 1719 2831 1760 839 2158 1368 1504 1494 1822 1044 490 1241 1088 1546 3068 2737 1620 577 1045 2744 
1167 2837 3286 929 3681 782 2481 1257 2471 493 1161 2518 3720 3443 1219 399 1209 0 671 2365 818 432 1625 181 2341 1218 2496 1568 3143 3272 1549 1270 3808 2848 2433 479 3679 277 3254 2500 3737 1438 3249 2832 1491 3147 1148 3623 743 2874 2231 3616 433 2522 2720 1198 2388 1863 880 1970 2181 2116 883 2517 978 899 1754 2775 2408 612 3685 697 2699 857 854 3815 1963 3586 230 1469 2371 3349 2733 387 2883 2418 2334 346 1615 535 1433 1077 1552 342 3593 3522 997 1526 573 3712 
814 2310 3066 372 3277 474 2260 691 2238 664 1324 2352 3243 3190 1422 523 1417 671 0 2206 1075 588 1584 819 1982 780 2366 1219 2893 2937 889 1332 3337 2618 2351 1008 3265 896 2872 1980 3511 813 3063 2349 1536 2928 1046 3326 432 2419 1939 3253 280 1982 2520 530 2172 1518 1206 1902 1841 2028 631 2012 497 497 1306 2383 1963 592 3448 924 2255 1138 234 3331 1830 3219 441 806 2001 2855 2528 711 2511 2298 2068 507 980 376 1409 577 1223 667 3094 3152 326 1476 1210 3454 
1405 1603 934 2508 1656 1744 242 1729 281 1871 1334 154 1951 1116 1356 2585 1369 2365 2206 0 1648 2653 770 2316 730 2912 181 1058 827 1117 2086 1153 1997 530 293 2113 1688 2284 1244 1440 1381 1876 885 1387 967 798 1222 1346 1790 1282 502 1483 2359 1542 373 2149 204 844 1695 456 687 316 1589 1374 2655 2690 1188 977 1077 2746 1335 1708 1154 1649 2033 2052 402 1468 2286 2107 775 1748 391 1987 956 155 390 2535 1922 1946 951 1694 1033 2645 1949 1422 2211 853 2382 1379 
885 2502 2582 1445 3135 737 1806 1228 1808 420 349 1800 3268 2760 402 1162 393 818 1075 1648 0 1215 879 711 1810 1836 1754 1139 2464 2665 1671 497 3344 2164 1667 466 3146 657 2698 2179 3027 1474 2522 2427 705 2446 571 2971 745 2427 1638 3027 1035 2232 2019 1432 1714 1372 151 1216 1646 1366 674 2170 1556 1523 1416 2254 1979 1371 2983 152 2247 66 1084 3368 1253 3003 853 1619 1852 2935 2035 448 2332 1674 1709 1104 1644 700 699 1027 1102 1153 3178 2944 1317 798 738 3025 
1330 2897 3552 661 3840 937 2740 1277 2724 830 1545 2804 3824 3692 1615 70 1606 432 588 2653 1215 0 1951 605 2523 842 2798 1745 3392 3474 1443 1624 3917 3105 2754 911 3831 700 3426 2565 4001 1395 3531 2930 1845 3412 1434 3849 890 2994 2451 3802 325 2570 2991 1076 2649 2048 1296 2292 2373 2432 1080 2595 652 549 1872 2939 2533 186 3943 1079 2826 1262 821 3914 2257 3769 377 1356 2546 3438 3003 768 3060 2724 2569 119 1554 709 1761 1144 1741 134 3678 3703 860 1846 964 3960 
882 1921 1703 1928 2329 1111 942 1295 951 1137 569 921 2532 1884 607 1886 619 1625 1584 770 879 1951 0 1560 1083 2345 878 749 1591 1826 1740 383 2597 1291 808 1345 2348 1522 1894 1648 2148 1511 1644 1778 221 1567 538 2104 1152 1734 857 2193 1683 1729 1141 1677 853 785 927 345 934 493 956 1611 2069 2081 1030 1499 1350 2067 2104 947 1564 880 1459 2634 382 2172 1575 1729 1133 2247 1159 1240 1545 799 887 1832 1622 1267 192 1181 702 1926 2478 2118 1674 108 1612 2148 
1206 2895 3246 1101 3692 843 2448 1351 2442 474 1060 2470 3755 3411 1106 578 1095 181 819 2316 711 605 1560 0 2348 1399 2438 1588 3111 3264 1677 1191 3841 2813 2364 313 3694 96 3260 2558 3695 1549 3199 2874 1408 3107 1120 3601 811 2906 2221 3614 604 2587 2679 1337 2355 1875 749 1905 2186 2053 918 2570 1156 1080 1799 2789 2441 788 3646 614 2729 741 979 3852 1914 3586 386 1600 2382 3392 2693 339 2889 2359 2316 526 1729 612 1371 1159 1568 501 3637 3523 1144 1467 397 3679 
1194 893 1184 2204 1344 1590 556 1355 506 1875 1592 768 1464 1255 1661 2452 1672 2341 1982 730 1810 2523 1083 2348 0 2567 885 779 980 955 1588 1391 1537 774 1023 2232 1347 2346 914 711 1594 1417 1242 708 1300 1062 1254 1352 1636 651 254 1280 2201 813 771 1757 536 478 1909 964 165 909 1463 644 2348 2410 706 445 347 2569 1522 1809 484 1838 1765 1566 781 1249 2198 1632 51 1164 764 2011 542 884 340 2413 1404 1834 1182 1408 790 2552 1397 1184 1881 1099 2528 1506 
1511 2671 3717 417 3765 1239 2931 1216 2902 1416 2102 3050 3640 3816 2198 840 2193 1218 780 2912 1836 842 2345 1399 2567 0 3081 1869 3529 3505 1079 2111 3739 3273 3085 1670 3741 1494 3396 2373 4150 1173 3735 2776 2312 3583 1812 3916 1202 2879 2579 3784 825 2344 3195 813 2849 2144 1956 2650 2449 2766 1391 2426 283 323 1861 2916 2463 669 4081 1685 2738 1897 890 3716 2558 3748 1043 1003 2575 3240 3201 1427 3059 3019 2719 882 1256 1149 2177 1218 1887 976 3462 3679 702 2238 1786 4072 
1572 1737 846 2675 1676 1900 346 1905 395 2003 1427 136 2009 1047 1436 2730 1449 2496 2366 181 1754 2798 878 2438 885 3081 0 1235 778 1125 2266 1258 2047 504 178 2220 1714 2400 1284 1595 1280 2055 769 1510 1057 718 1364 1299 1945 1394 671 1482 2510 1697 335 2324 350 1025 1788 539 857 388 1744 1526 2821 2853 1369 1079 1230 2897 1242 1825 1280 1750 2199 2108 541 1472 2428 2286 927 1837 358 2114 1036 81 547 2680 2102 2095 1067 1864 1208 2785 2025 1432 2381 971 2480 1300 
416 1363 1856 1478 2114 811 1062 671 1034 1118 1026 1188 2170 1972 1125 1675 1133 1568 1219 1058 1139 1745 749 1588 779 1869 1235 0 1677 1729 1050 851 2254 1409 1273 1508 2112 1595 1690 1042 2297 829 1866 1301 885 1720 571 2109 857 1320 722 2059 1426 1099 1326 1091 980 303 1265 911 628 982 686 1032 1625 1673 301 1208 859 1799 2232 1099 1142 1182 1015 2267 760 2028 1420 1060 806 1816 1332 1257 1320 1182 855 1635 905 1055 710 660 48 1773 2061 1963 1168 684 1808 2236 
2081 1501 214 3150 973 2458 663 2313 671 2652 2159 686 1397 301 2183 3322 2196 3143 2893 827 2464 3392 1591 3111 980 3529 778 1677 0 441 2568 1973 1409 301 938 2926 1025 3086 684 1517 621 2394 338 1244 1794 148 1995 522 2506 1086 955 743 3082 1614 456 2724 756 1387 2518 1283 1081 1138 2312 1437 3296 3349 1676 808 1211 3464 555 2513 1075 2470 2692 1486 1212 742 3039 2612 986 1355 436 2775 670 854 826 3277 2384 2684 1766 2335 1670 3401 1477 720 2833 1666 3201 569 
2145 1191 592 3152 553 2539 895 2302 878 2793 2391 1005 957 482 2432 3404 2445 3272 2937 1117 2665 3474 1826 3264 955 3505 1125 1729 441 0 2482 2194 970 625 1300 3114 598 3251 261 1291 794 2338 755 944 2042 586 2147 427 2585 784 1043 369 3154 1376 791 2692 978 1426 2740 1561 1101 1431 2405 1213 3295 3361 1650 602 1062 3524 711 2691 839 2681 2720 1046 1447 352 3142 2538 938 942 768 2925 451 1190 957 3363 2295 2779 1979 2363 1734 3499 1043 307 2829 1882 3401 644 
887 1592 2770 844 2701 944 2041 465 2003 1366 1771 2201 2561 2839 1884 1388 1885 1549 889 2086 1671 1443 1740 1677 1588 1079 2266 1050 2568 2482 0 1675 2660 2345 2318 1794 2673 1740 2349 1298 3180 229 2816 1703 1806 2645 1314 2904 949 1814 1662 2737 1165 1265 2300 367 1973 1246 1822 1956 1501 2032 1001 1354 951 1053 910 1883 1423 1381 3106 1546 1682 1736 697 2637 1810 2699 1321 87 1584 2162 2300 1472 2032 2220 1808 1383 188 1092 1632 649 1087 1543 2384 2631 583 1649 2044 3082 
790 2166 2087 1697 2683 881 1320 1211 1325 796 202 1304 2854 2267 280 1563 289 1270 1332 1153 497 1624 383 1191 1391 2111 1258 851 1973 2194 1675 0 2925 1673 1174 963 2699 1146 2246 1864 2531 1452 2026 2055 222 1951 361 2484 913 2031 1190 2560 1383 1933 1525 1534 1229 1005 547 719 1230 870 743 1841 1829 1823 1152 1825 1611 1756 2488 577 1855 496 1253 2956 762 2537 1248 1646 1437 2546 1542 883 1888 1177 1243 1507 1594 979 215 1049 805 1586 2784 2481 1485 312 1229 2532 
2641 1069 1533 3459 475 3029 1756 2648 1723 3371 3127 1916 101 1361 3191 3849 3202 3808 3337 1997 3344 3917 2597 3841 1537 3739 2047 2254 1409 970 2660 2925 0 1572 2226 3753 408 3849 764 1372 1552 2591 1703 988 2817 1551 2781 1127 3071 935 1741 733 3593 1395 1727 2961 1819 1980 3446 2398 1700 2292 2927 1330 3587 3675 2056 1100 1400 3924 1481 3334 1112 3374 3104 92 2246 713 3637 2737 1493 499 1704 3511 1058 2101 1720 3819 2485 3279 2714 2774 2278 3971 311 708 3143 2626 4052 1367 
1804 1451 448 2887 1178 2175 367 2060 381 2356 1859 395 1543 598 1885 3036 1898 2848 2618 530 2164 3105 1291 2813 774 3273 504 1409 301 625 2345 1673 1572 0 676 2626 1220 2787 809 1401 896 2159 471 1200 1495 311 1700 816 2222 1056 695 978 2799 1504 169 2476 460 1129 2218 986 844 844 2027 1323 3033 3082 1439 742 1061 3183 839 2213 995 2169 2423 1639 912 969 2749 2382 793 1424 146 2478 644 574 555 2989 2165 2396 1465 2068 1398 3110 1585 931 2573 1366 2901 866 
1576 1893 983 2674 1851 1880 509 1934 556 1945 1329 312 2187 1193 1326 2688 1339 2433 2351 293 1667 2754 808 2364 1023 3085 178 1273 938 1300 2318 1174 2226 676 0 2131 1891 2320 1462 1733 1400 2101 885 1672 962 863 1324 1455 1924 1561 791 1654 2477 1835 509 2349 493 1097 1687 464 974 325 1722 1667 2819 2844 1440 1249 1370 2864 1370 1750 1440 1656 2197 2287 528 1645 2380 2332 1068 2011 532 2047 1211 141 683 2636 2162 2060 1000 1875 1241 2733 2202 1607 2391 910 2380 1437 
1173 2858 3047 1336 3569 877 2266 1410 2266 441 804 2265 3673 3223 831 877 819 479 1008 2113 466 911 1345 313 2232 1670 2220 1508 2926 3114 1794 963 3753 2626 2131 0 3576 228 3133 2526 3493 1635 2988 2809 1169 2910 978 3429 858 2825 2077 3472 849 2566 2482 1485 2173 1773 462 1682 2067 1832 898 2527 1412 1347 1755 2676 2366 1090 3448 424 2645 476 1115 3771 1716 3446 628 1725 2270 3324 2499 322 2764 2140 2157 822 1815 703 1162 1206 1480 813 3569 3386 1316 1261 300 3489 
2518 1143 1133 3428 69 2914 1454 2590 1428 3220 2900 1589 433 955 2953 3761 2965 3679 3265 1688 3146 3831 2348 3694 1347 3741 1714 2112 1025 598 2673 2699 408 1220 1891 3576 0 3692 454 1381 1148 2572 1304 975 2569 1162 2599 720 2959 862 1511 326 3506 1433 1383 2941 1527 1819 3235 2115 1510 1995 2797 1321 3564 3643 1960 905 1302 3857 1076 3153 1013 3169 3036 496 1980 306 3526 2743 1311 646 1360 3357 814 1775 1461 3727 2490 3162 2484 2690 2128 3873 603 308 3106 2391 3872 963 
1225 2917 3216 1190 3689 878 2423 1397 2419 478 1005 2437 3765 3385 1043 674 1031 277 896 2284 657 700 1522 96 2346 1494 2400 1595 3086 3251 1740 1146 3849 2787 2320 228 3692 0 3255 2582 3664 1603 3165 2888 1360 3078 1105 3581 849 2915 2209 3605 692 2614 2649 1407 2330 1876 679 1864 2182 2014 938 2590 1248 1173 1818 2788 2452 884 3617 576 2737 680 1044 3862 1883 3577 472 1665 2381 3406 2665 339 2884 2321 2299 622 1783 660 1334 1201 1572 594 3651 3515 1219 1432 313 3652 
2102 961 851 3061 437 2499 1006 2213 977 2787 2447 1155 733 741 2499 3356 2511 3254 2872 1244 2698 3426 1894 3260 914 3396 1284 1690 684 261 2349 2246 764 809 1462 3133 454 3255 0 1105 1038 2223 1010 727 2114 832 2157 635 2545 574 1061 389 3103 1180 963 2586 1076 1391 2785 1663 1074 1547 2375 1031 3201 3273 1568 489 933 3463 955 2709 670 2719 2648 830 1526 352 3109 2411 884 681 940 2923 372 1340 1007 3319 2162 2745 2031 2295 1702 3461 794 284 2737 1938 3427 875 
1358 337 1731 2087 1413 1720 1259 1289 1209 2107 2053 1474 1275 1727 2144 2499 2153 2500 1980 1440 2179 2565 1648 2558 711 2373 1595 1042 1517 1291 1298 1864 1372 1401 1733 2526 1381 2582 1105 0 2066 1220 1833 407 1841 1637 1613 1716 1758 536 949 1481 2245 104 1443 1589 1246 868 2307 1621 780 1594 1644 80 2215 2303 771 715 364 2561 1985 2131 455 2223 1746 1358 1430 1442 2311 1371 667 879 1432 2246 864 1595 1051 2473 1118 1965 1686 1434 1081 2630 1115 1375 1773 1627 2823 1931 
2698 1984 451 3771 1079 3071 1261 2934 1277 3244 2705 1228 1580 344 2716 3932 2729 3737 3511 1381 3027 4001 2148 3695 1594 4150 1280 2297 621 794 3180 2531 1552 896 1400 3493 1148 3664 1038 2066 0 3011 515 1736 2336 590 2589 433 3118 1575 1576 826 3695 2156 1017 3345 1353 2008 3067 1817 1701 1666 2923 1986 3918 3970 2295 1354 1794 4079 83 3088 1611 3026 3312 1642 1781 854 3644 3227 1596 1688 1004 3363 1202 1361 1443 3885 2995 3292 2332 2956 2289 4005 1729 884 3454 2233 3758 185 
661 1536 2592 868 2594 764 1844 248 1808 1198 1554 1996 2494 2672 1667 1334 1668 1438 813 1876 1474 1395 1511 1549 1417 1173 2055 829 2394 2338 229 1452 2591 2159 2101 1635 2572 1603 2223 1220 3011 0 2629 1614 1578 2463 1090 2754 777 1710 1469 2611 1093 1205 2105 370 1772 1044 1625 1730 1317 1810 800 1265 996 1084 720 1745 1290 1362 2939 1356 1565 1537 591 2576 1589 2575 1218 231 1419 2097 2107 1314 1889 2006 1615 1320 180 945 1404 447 864 1481 2329 2506 558 1420 1899 2921 
2251 1835 171 3343 1245 2610 805 2524 832 2756 2196 731 1701 379 2203 3462 2216 3249 3063 885 2522 3531 1644 3199 1242 3735 769 1866 338 755 2816 2026 1703 471 885 2988 1304 3165 1010 1833 515 2629 0 1578 1826 198 2105 667 2657 1421 1162 994 3231 1932 543 2943 891 1595 2557 1308 1315 1157 2458 1753 3491 3535 1910 1134 1510 3618 490 2589 1400 2519 2875 1785 1286 1004 3167 2853 1258 1687 536 2871 1002 850 1018 3413 2636 2822 1831 2524 1852 3527 1797 997 3033 1733 3249 572 
1668 257 1452 2479 1007 2051 1165 1661 1117 2410 2253 1377 895 1410 2332 2862 2342 2832 2349 1387 2427 2930 1778 2874 708 2776 1510 1301 1244 944 1703 2055 988 1200 1672 2809 975 2888 727 407 1736 1614 1578 0 1990 1380 1856 1357 2091 162 960 1089 2606 463 1285 1984 1183 1058 2542 1671 845 1608 1956 350 2610 2695 1077 458 448 2936 1654 2399 233 2464 2116 985 1489 1049 2655 1774 657 518 1268 2550 576 1531 1011 2833 1521 2299 1856 1788 1331 2986 763 985 2161 1781 3109 1587 
923 2124 1896 1895 2548 1074 1154 1347 1165 1017 370 1115 2752 2083 391 1784 404 1491 1536 967 705 1845 221 1408 1300 2312 1057 885 1794 2042 1806 222 2817 1495 962 1169 2569 1360 2114 1841 2336 1578 1826 1990 0 1762 515 2310 1110 1950 1077 2410 1600 1918 1340 1699 1066 973 731 519 1148 669 928 1808 2031 2030 1181 1719 1556 1976 2295 797 1778 695 1441 2854 596 2390 1469 1786 1349 2463 1359 1104 1766 976 1108 1728 1707 1192 179 1205 838 1808 2696 2336 1668 214 1423 2345 
2115 1636 139 3198 1107 2484 672 2369 691 2654 2130 647 1542 330 2147 3343 2160 3147 2928 798 2446 3412 1567 3107 1062 3583 718 1720 148 586 2645 1951 1551 311 863 2910 1162 3078 832 1637 590 2463 198 1380 1762 0 1999 599 2531 1223 1004 868 3107 1736 429 2785 763 1439 2491 1244 1147 1095 2335 1556 3344 3393 1743 936 1318 3492 539 2503 1202 2447 2734 1629 1195 872 3054 2685 1074 1504 414 2774 804 798 865 3296 2463 2703 1748 2380 1709 3415 1625 855 2884 1649 3179 584 
429 1933 2139 1395 2592 574 1333 850 1325 656 485 1375 2703 2296 595 1367 599 1148 1046 1222 571 1434 538 1120 1254 1812 1364 571 1995 2147 1314 361 2781 1700 1324 978 2599 1105 2157 1613 2589 1090 2105 1856 515 1999 0 2482 614 1858 1105 2501 1153 1670 1573 1185 1240 803 694 865 1090 1000 421 1601 1534 1543 859 1699 1408 1539 2536 555 1678 611 931 2802 824 2474 1064 1286 1293 2365 1586 782 1787 1290 1196 1316 1235 736 366 693 533 1423 2609 2412 1155 430 1274 2564 
2523 1596 507 3556 652 2911 1165 2707 1164 3136 2673 1207 1151 288 2701 3779 2714 3623 3326 1346 2971 3849 2104 3601 1352 3916 1299 2109 522 427 2904 2484 1127 816 1455 3429 720 3581 635 1716 433 2754 667 1357 2310 599 2482 0 2958 1199 1399 396 3533 1799 977 3104 1256 1809 3030 1802 1486 1659 2772 1639 3700 3762 2056 1028 1486 3908 357 3012 1265 2979 3114 1216 1723 422 3506 2958 1341 1261 957 3264 876 1376 1288 3736 2717 3146 2274 2756 2110 3866 1296 452 3233 2174 3709 252 
442 2094 2670 785 2964 47 1859 553 1841 421 931 1938 2982 2805 1037 820 1034 743 432 1790 745 890 1152 811 1636 1202 1945 857 2506 2585 949 913 3071 2222 1924 858 2959 849 2545 1758 3118 777 2657 2091 1110 2531 614 2958 0 2139 1561 2916 577 1781 2115 687 1769 1159 892 1472 1484 1600 202 1775 922 929 1015 2059 1673 961 3058 608 1966 811 349 3076 1407 2885 568 888 1662 2608 2125 539 2176 1876 1681 779 957 208 978 352 851 917 2852 2819 586 1044 1131 3072 
1707 416 1293 2569 887 2096 1052 1737 1006 2437 2232 1259 850 1248 2305 2925 2316 2874 2419 1282 2427 2994 1734 2906 651 2879 1394 1320 1086 784 1814 2031 935 1056 1561 2825 862 2915 574 536 1575 1710 1421 162 1950 1223 1858 1199 2139 0 891 945 2669 607 1151 2079 1079 1055 2535 1598 803 1523 1993 467 2703 2784 1125 320 466 3010 1493 2408 180 2460 2188 947 1422 906 2706 1882 601 515 1133 2577 421 1421 922 2893 1629 2346 1827 1850 1346 3044 753 840 2247 1746 3124 1427 
1129 1147 1138 2196 1498 1514 383 1365 342 1750 1392 571 1675 1251 1451 2381 1463 2231 1939 502 1638 2451 857 2221 254 2579 671 722 955 1043 1662 1190 1741 695 791 2077 1511 2209 1061 949 1576 1469 1162 960 1077 1004 1105 1399 1561 891 0 1396 2136 1049 638 1782 330 435 1725 711 186 656 1373 887 2342 2394 752 642 591 2515 1511 1653 732 1659 1737 1777 532 1370 2108 1695 305 1398 638 1882 698 657 146 2337 1486 1747 976 1380 716 2468 1625 1309 1880 886 2368 1515 
2474 1302 823 3448 259 2870 1263 2599 1247 3142 2757 1367 755 634 2800 3731 2813 3616 3253 1483 3027 3802 2193 3614 1280 3784 1482 2059 743 369 2737 2560 733 978 1654 3472 326 3605 389 1481 826 2611 994 1089 2410 868 2501 396 2916 945 1396 0 3479 1550 1147 2974 1346 1758 3104 1929 1435 1798 2742 1410 3588 3660 1951 873 1321 3843 752 3049 1056 3044 3030 822 1815 40 3478 2800 1255 895 1124 3276 742 1550 1319 3693 2550 3114 2345 2676 2069 3833 906 106 3123 2248 3762 642 
1010 2577 3246 498 3516 624 2435 958 2417 617 1334 2509 3501 3382 1419 256 1412 433 280 2359 1035 325 1683 604 2201 825 2510 1426 3082 3154 1165 1383 3593 2799 2477 849 3506 692 3103 2245 3695 1093 3231 2606 1600 3107 1153 3533 577 2669 2136 3479 0 2251 2690 802 2345 1728 1143 2018 2053 2153 773 2273 562 502 1547 2615 2209 388 3635 886 2501 1091 506 3591 1969 3447 223 1081 2224 3116 2700 606 2738 2438 2258 230 1259 417 1497 820 1423 389 3356 3380 589 1576 1001 3648 
1394 331 1828 2072 1468 1745 1362 1293 1312 2142 2118 1577 1296 1819 2212 2504 2221 2522 1982 1542 2232 2570 1729 2587 813 2344 1697 1099 1614 1376 1265 1933 1395 1504 1835 2566 1433 2614 1180 104 2156 1205 1932 463 1918 1736 1670 1799 1781 607 1049 1550 2251 0 1547 1572 1348 945 2362 1714 877 1691 1677 181 2196 2287 817 809 467 2557 2074 2177 545 2278 1749 1374 1523 1510 2328 1341 770 897 1535 2280 957 1697 1153 2481 1090 1987 1760 1449 1140 2638 1125 1445 1762 1704 2862 2018 
1708 1529 567 2802 1343 2068 264 1989 298 2227 1707 230 1694 743 1728 2923 1741 2720 2520 373 2019 2991 1141 2679 771 3195 335 1326 456 791 2300 1525 1727 169 509 2482 1383 2649 963 1443 1017 2105 543 1285 1340 429 1573 977 2115 1151 638 1147 2690 1547 0 2409 348 1063 2067 827 808 681 1917 1367 2949 2992 1390 831 1089 3076 967 2074 1067 2021 2332 1791 767 1137 2630 2332 800 1552 23 2346 756 405 492 2875 2124 2282 1320 1982 1310 2991 1725 1098 2493 1221 2753 1007 
795 1903 2917 500 2962 698 2145 421 2113 1079 1592 2279 2864 3009 1703 1021 1701 1198 530 2149 1432 1076 1677 1337 1757 813 2324 1091 2724 2692 367 1534 2961 2476 2349 1485 2941 1407 2586 1589 3345 370 2943 1984 1699 2785 1185 3104 687 2079 1782 2974 802 1572 2409 0 2067 1348 1579 1942 1644 2041 801 1635 626 716 1051 2104 1653 1018 3275 1294 1932 1498 370 2945 1824 2938 969 281 1764 2466 2412 1167 2246 2268 1924 1017 495 786 1538 497 1116 1176 2696 2869 216 1576 1717 3263 
1360 1400 903 2454 1500 1722 93 1647 100 1896 1422 241 1768 1056 1458 2580 1470 2388 2172 204 1714 2649 853 2355 536 2849 350 980 756 978 1973 1229 1819 460 493 2173 1527 2330 1076 1246 1353 1772 891 1183 1066 763 1240 1256 1769 1079 330 1346 2345 1348 348 2067 0 728 1776 588 515 473 1572 1178 2602 2644 1064 777 882 2730 1298 1758 951 1723 1985 1870 471 1327 2291 2001 579 1551 356 2019 767 352 198 2533 1802 1940 1018 1635 963 2652 1757 1276 2147 919 2452 1324 
718 1161 1572 1763 1818 1113 800 930 766 1402 1200 955 1900 1679 1285 1978 1295 1863 1518 844 1372 2048 785 1875 478 2144 1025 303 1387 1426 1246 1005 1980 1129 1097 1773 1819 1876 1391 868 2008 1044 1595 1058 973 1439 803 1809 1159 1055 435 1758 1728 945 1063 1348 728 0 1485 826 325 851 985 838 1909 1963 345 914 610 2101 1942 1355 875 1407 1309 2000 643 1727 1720 1273 508 1563 1066 1540 1021 985 576 1937 1079 1356 820 951 311 2075 1806 1662 1446 759 2072 1941 
1031 2626 2626 1573 3222 886 1867 1379 1872 543 361 1844 3372 2810 370 1248 358 880 1206 1695 151 1296 927 749 1909 1956 1788 1265 2518 2740 1822 547 3446 2218 1687 462 3235 679 2785 2307 3067 1625 2557 2542 731 2491 694 3030 892 2535 1725 3104 1143 2362 2067 1579 1776 1485 0 1250 1746 1400 825 2295 1678 1639 1549 2351 2095 1460 3026 288 2356 89 1227 3473 1308 3081 948 1770 1953 3046 2085 540 2422 1707 1786 1190 1795 834 760 1178 1227 1221 3288 3024 1458 859 693 3074 
1152 1851 1378 2235 2088 1429 666 1539 688 1481 888 599 2343 1568 903 2226 916 1970 1902 456 1216 2292 345 1905 964 2650 539 911 1283 1561 1956 719 2398 986 464 1682 2115 1864 1663 1621 1817 1730 1308 1671 519 1244 865 1802 1472 1598 711 1929 2018 1714 827 1942 588 826 1250 0 847 151 1272 1570 2379 2398 1141 1324 1283 2403 1777 1291 1443 1211 1760 2445 191 1912 1917 1958 1015 2097 846 1585 1340 459 686 2173 1817 1600 537 1455 871 2270 2315 1862 1964 446 1941 1828 
1043 1006 1275 2076 1506 1438 562 1233 517 1713 1432 756 1626 1367 1503 2303 1514 2181 1841 687 1646 2373 934 2186 165 2449 857 628 1081 1101 1501 1230 1700 844 974 2067 1510 2182 1074 780 1701 1317 1315 845 1148 1147 1090 1486 1484 803 186 1435 2053 877 808 1644 515 325 1746 847 0 814 1307 725 2222 2279 597 609 435 2425 1632 1644 630 1674 1629 1728 658 1405 2043 1539 207 1318 806 1849 703 842 324 2262 1321 1679 1024 1270 634 2399 1554 1341 1756 943 2364 1625 
1260 1803 1228 2353 1965 1556 542 1631 570 1626 1039 452 2240 1420 1052 2365 1065 2116 2028 316 1366 2432 493 2053 909 2766 388 982 1138 1431 2032 870 2292 844 325 1832 1995 2014 1547 1594 1666 1810 1157 1608 669 1095 1000 1659 1600 1523 656 1798 2153 1691 681 2041 473 851 1400 151 814 0 1398 1537 2498 2521 1183 1236 1244 2539 1627 1440 1377 1362 1877 2342 221 1782 2058 2040 960 2012 702 1732 1238 308 602 2313 1884 1736 684 1561 946 2413 2224 1735 2074 590 2092 1679 
288 1979 2474 974 2800 157 1663 554 1645 465 792 1738 2841 2613 903 1010 902 883 631 1589 674 1080 956 918 1463 1391 1744 686 2312 2405 1001 743 2927 2027 1722 898 2797 938 2375 1644 2923 800 2458 1956 928 2335 421 2772 202 1993 1373 2742 773 1677 1917 801 1572 985 825 1272 1307 1398 0 1653 1114 1127 881 1894 1527 1159 2864 562 1816 738 513 2936 1205 2711 737 954 1492 2474 1927 604 2005 1674 1489 965 970 374 787 353 673 1095 2719 2646 742 848 1190 2880 
1366 332 1651 2131 1350 1736 1187 1321 1137 2114 2032 1403 1234 1648 2121 2528 2130 2517 2012 1374 2170 2595 1611 2570 644 2426 1526 1032 1437 1213 1354 1841 1330 1323 1667 2527 1321 2590 1031 80 1986 1265 1753 350 1808 1556 1601 1639 1775 467 887 1410 2273 181 1367 1635 1178 838 2295 1570 725 1537 1653 0 2261 2347 774 634 297 2596 1905 2127 376 2213 1778 1320 1379 1371 2333 1424 599 843 1355 2254 785 1528 984 2501 1171 1983 1657 1458 1068 2656 1083 1304 1814 1594 2826 1853 
1250 2527 3480 147 3584 960 2686 994 2659 1137 1819 2796 3489 3588 1915 631 1910 978 497 2655 1556 652 2069 1156 2348 283 2821 1625 3296 3295 951 1829 3587 3033 2819 1412 3564 1248 3201 2215 3918 996 3491 2610 2031 3344 1534 3700 922 2703 2342 3588 562 2196 2949 626 2602 1909 1678 2379 2222 2498 1114 2261 0 115 1645 2716 2271 512 3851 1404 2553 1617 623 3570 2293 3552 785 867 2359 3091 2955 1154 2854 2757 2479 662 1110 866 1899 966 1639 784 3320 3484 467 1962 1550 3847 
1286 2618 3529 216 3661 970 2730 1061 2705 1102 1801 2833 3578 3643 1893 534 1887 899 497 2690 1523 549 2081 1080 2410 323 2853 1673 3349 3361 1053 1823 3675 3082 2844 1347 3643 1173 3273 2303 3970 1084 3535 2695 2030 3393 1543 3762 929 2784 2394 3660 502 2287 2992 716 2644 1963 1639 2398 2279 2521 1127 2347 115 0 1711 2787 2346 400 3904 1372 2631 1582 660 3660 2321 3624 720 967 2424 3181 2999 1107 2923 2787 2528 571 1206 848 1906 1014 1684 682 3412 3556 537 1973 1470 3904 
593 1103 1872 1502 1971 974 1131 651 1092 1341 1325 1296 1967 1958 1425 1803 1432 1754 1306 1188 1416 1872 1030 1799 706 1861 1369 301 1676 1650 910 1152 2056 1439 1440 1755 1960 1818 1568 771 2295 720 1910 1077 1181 1743 859 2056 1015 1125 752 1951 1547 817 1390 1051 1064 345 1549 1141 597 1183 881 774 1645 1711 0 1079 662 1898 2224 1361 955 1463 1080 2061 968 1917 1581 944 715 1595 1390 1480 1212 1330 898 1770 738 1223 1007 730 347 1919 1839 1849 1179 974 2053 2212 
1618 711 1021 2575 906 2014 741 1726 697 2315 2027 943 1033 1014 2091 2869 2102 2775 2383 977 2254 2939 1499 2789 445 2916 1079 1208 808 602 1883 1825 1100 742 1249 2676 905 2788 489 715 1354 1745 1134 458 1719 936 1699 1028 2059 320 642 873 2615 809 831 2104 777 914 2351 1324 609 1236 1894 634 2716 2787 1079 0 460 2974 1274 2254 267 2280 2159 1136 1160 838 2626 1941 407 776 814 2453 153 1110 639 2832 1695 2261 1614 1806 1223 2975 991 770 2251 1526 2973 1227 
1241 573 1424 2133 1317 1631 895 1289 845 1973 1808 1110 1314 1451 1889 2464 1899 2408 1963 1077 1979 2533 1350 2441 347 2463 1230 859 1211 1062 1423 1611 1400 1061 1370 2366 1302 2452 933 364 1794 1290 1510 448 1556 1318 1408 1486 1673 466 591 1321 2209 467 1089 1653 882 610 2095 1283 435 1244 1527 297 2271 2346 662 460 0 2555 1716 1953 293 2016 1734 1410 1094 1285 2240 1482 303 958 1078 2113 611 1231 687 2431 1235 1880 1416 1390 887 2580 1203 1216 1809 1345 2666 1678 
1387 2887 3631 554 3869 1008 2820 1276 2801 970 1691 2896 3829 3763 1767 215 1759 612 592 2746 1371 186 2067 788 2569 669 2897 1799 3464 3524 1381 1756 3924 3183 2864 1090 3857 884 3463 2561 4079 1362 3618 2936 1976 3492 1539 3908 961 3010 2515 3843 388 2557 3076 1018 2730 2101 1460 2403 2425 2539 1159 2596 512 400 1898 2974 2555 0 4018 1229 2846 1421 822 3916 2357 3810 518 1293 2590 3438 3086 924 3101 2825 2639 272 1510 804 1880 1168 1799 313 3676 3743 808 1961 1150 4029 
2635 1902 401 3704 1007 3011 1205 2865 1219 3192 2665 1183 1507 268 2678 3874 2691 3685 3448 1335 2983 3943 2104 3646 1522 4081 1242 2232 555 711 3106 2488 1481 839 1370 3448 1076 3617 955 1985 83 2939 490 1654 2295 539 2536 357 3058 1493 1511 752 3635 2074 967 3275 1298 1942 3026 1777 1632 1627 2864 1905 3851 3904 2224 1274 1716 4018 0 3041 1530 2983 3247 1571 1734 779 3588 3153 1522 1608 952 3313 1121 1323 1380 3828 2920 3235 2286 2891 2225 3949 1652 806 3387 2187 3716 121 
802 2459 2640 1293 3145 604 1851 1114 1848 270 467 1861 3255 2811 538 1023 530 697 924 1708 152 1079 947 614 1809 1685 1825 1099 2513 2691 1546 577 3334 2213 1750 424 3153 576 2709 2131 3088 1356 2589 2399 797 2503 555 3012 608 2408 1653 3049 886 2177 2074 1294 1758 1355 288 1291 1644 1440 562 2127 1404 1372 1361 2254 1953 1229 3041 0 2228 215 940 3354 1307 3023 711 1491 1848 2912 2090 314 2340 1746 1736 965 1530 550 759 909 1068 1025 3156 2962 1171 856 719 3078 
1531 462 1287 2416 1031 1923 935 1577 886 2259 2055 1148 1028 1274 2130 2757 2140 2699 2255 1154 2247 2826 1564 2729 484 2738 1280 1142 1075 839 1682 1855 1112 995 1440 2645 1013 2737 670 455 1611 1565 1400 233 1778 1202 1678 1265 1966 180 732 1056 2501 545 1067 1932 951 875 2356 1443 630 1377 1816 376 2553 2631 955 267 293 2846 1530 2228 0 2280 2025 1126 1263 1018 2533 1746 433 691 1052 2399 412 1300 779 2724 1495 2172 1651 1683 1167 2873 932 950 2094 1572 2944 1477 
942 2544 2583 1508 3157 803 1814 1291 1818 481 329 1800 3298 2764 365 1211 354 857 1138 1649 66 1262 880 741 1838 1897 1750 1182 2470 2681 1736 496 3374 2169 1656 476 3169 680 2719 2223 3026 1537 2519 2464 695 2447 611 2979 811 2460 1659 3044 1091 2278 2021 1498 1723 1407 89 1211 1674 1362 738 2213 1617 1582 1463 2280 2016 1421 2983 215 2280 0 1150 3399 1258 3020 905 1685 1881 2970 2038 497 2355 1669 1725 1153 1707 764 705 1091 1144 1196 3212 2962 1382 805 732 3028 
628 2076 2870 477 3049 374 2070 457 2045 712 1280 2175 3010 2987 1386 756 1384 854 234 2033 1084 821 1459 979 1765 890 2199 1015 2692 2720 697 1253 3104 2423 2197 1115 3036 1044 2648 1746 3312 591 2875 2116 1441 2734 931 3114 349 2188 1737 3030 506 1749 2332 370 1985 1309 1227 1760 1629 1877 513 1778 623 660 1080 2159 1734 822 3247 940 2025 1150 0 3098 1671 2996 629 621 1782 2621 2339 797 2289 2134 1870 736 764 416 1296 358 1025 896 2860 2929 237 1352 1352 3249 
2649 1045 1615 3444 564 3034 1811 2641 1776 3384 3158 1976 103 1446 3225 3846 3236 3815 3331 2052 3368 3914 2634 3852 1566 3716 2108 2267 1486 1046 2637 2956 92 1639 2287 3771 496 3862 830 1358 1642 2576 1785 985 2854 1629 2802 1216 3076 947 1777 822 3591 1374 1791 2945 1870 2000 3473 2445 1728 2342 2936 1320 3570 3660 2061 1136 1410 3916 1571 3354 1126 3399 3098 0 2290 800 3640 2715 1521 479 1769 3523 1105 2160 1764 3818 2464 3283 2746 2773 2293 3971 260 792 3130 2660 4071 1457 
1048 1664 1333 2148 1958 1361 560 1412 570 1470 951 556 2187 1507 986 2190 999 1963 1830 402 1253 2257 382 1914 781 2558 541 760 1212 1447 1810 762 2246 912 528 1716 1980 1883 1526 1430 1781 1589 1286 1489 596 1195 824 1723 1407 1422 532 1815 1969 1523 767 1824 471 643 1308 191 658 221 1205 1379 2293 2321 968 1160 1094 2357 1734 1307 1263 1258 1671 2290 0 1795 1888 1819 832 1926 783 1585 1189 469 527 2139 1663 1554 554 1347 725 2247 2150 1742 1863 455 1989 1773 
2442 1262 833 3412 242 2839 1246 2563 1228 3113 2735 1355 730 649 2779 3699 2792 3586 3219 1468 3003 3769 2172 3586 1249 3748 1472 2028 742 352 2699 2537 713 969 1645 3446 306 3577 352 1442 854 2575 1004 1049 2390 872 2474 422 2885 906 1370 40 3447 1510 1137 2938 1327 1727 3081 1912 1405 1782 2711 1371 3552 3624 1917 838 1285 3810 779 3023 1018 3020 2996 800 1795 0 3447 2762 1223 858 1113 3247 709 1539 1295 3661 2512 3083 2322 2642 2038 3801 875 68 3088 2226 3737 671 
1008 2647 3193 718 3531 612 2383 1048 2369 454 1173 2438 3548 3340 1249 316 1241 230 441 2286 853 377 1575 386 2198 1043 2428 1420 3039 3142 1321 1248 3637 2749 2380 628 3526 472 3109 2311 3644 1218 3167 2655 1469 3054 1064 3506 568 2706 2108 3478 223 2328 2630 969 2291 1720 948 1917 2043 2058 737 2333 785 720 1581 2626 2240 518 3588 711 2533 905 629 3640 1888 3447 0 1240 2226 3170 2642 409 2740 2353 2221 259 1393 365 1385 878 1410 361 3413 3382 767 1471 783 3608 
863 1670 2812 758 2768 886 2071 439 2035 1302 1734 2226 2638 2886 1846 1301 1847 1469 806 2107 1619 1356 1729 1600 1632 1003 2286 1060 2612 2538 87 1646 2737 2382 2332 1725 2743 1665 2411 1371 3227 231 2853 1774 1786 2685 1286 2958 888 1882 1695 2800 1081 1341 2332 281 2001 1273 1770 1958 1539 2040 954 1424 867 967 944 1941 1482 1293 3153 1491 1746 1685 621 2715 1819 2762 1240 0 1631 2238 2333 1404 2088 2238 1841 1298 253 1023 1614 606 1094 1457 2463 2694 497 1636 1971 3132 
1220 843 1193 2216 1310 1616 594 1366 544 1909 1638 807 1419 1255 1708 2476 1719 2371 2001 775 1852 2546 1133 2382 51 2575 927 806 986 938 1584 1437 1493 793 1068 2270 1311 2381 884 667 1596 1419 1258 657 1349 1074 1293 1341 1662 601 305 1255 2224 770 800 1764 579 508 1953 1015 207 960 1492 599 2359 2424 715 407 303 2590 1522 1848 433 1881 1782 1521 832 1223 2226 1631 0 1114 792 2046 514 929 385 2438 1399 1861 1229 1425 819 2578 1349 1157 1893 1147 2567 1502 
2186 570 1531 2965 704 2567 1509 2164 1467 2927 2746 1700 400 1415 2820 3371 2831 3349 2855 1748 2935 3438 2247 3392 1164 3240 1837 1816 1355 942 2162 2546 499 1424 2011 3324 646 3406 681 879 1688 2097 1687 518 2463 1504 2365 1261 2608 515 1398 895 3116 897 1552 2466 1551 1563 3046 2097 1318 2012 2474 843 3091 3181 1595 776 958 3438 1608 2912 691 2970 2621 479 1926 858 3170 2238 1114 0 1531 3067 801 1875 1413 3343 1987 2816 2341 2299 1845 3497 245 813 2652 2261 3624 1512 
1716 1513 553 2808 1319 2078 270 1993 300 2241 1725 251 1671 726 1747 2934 1760 2733 2528 391 2035 3003 1159 2693 764 3201 358 1332 436 768 2300 1542 1704 146 532 2499 1360 2665 940 1432 1004 2107 536 1268 1359 414 1586 957 2125 1133 638 1124 2700 1535 23 2412 356 1066 2085 846 806 702 1927 1355 2955 2999 1390 814 1078 3086 952 2090 1052 2038 2339 1769 783 1113 2642 2333 792 1531 0 2360 736 428 492 2886 2124 2294 1337 1989 1317 3003 1703 1075 2499 1238 2771 990 
888 2581 2913 1061 3355 561 2112 1092 2106 140 781 2140 3427 3076 848 715 839 387 711 1987 448 768 1240 339 2011 1427 2114 1257 2775 2925 1472 883 3511 2478 2047 322 3357 339 2923 2246 3363 1314 2871 2550 1104 2774 782 3264 539 2577 1882 3276 606 2280 2346 1167 2019 1540 540 1585 1849 1732 604 2254 1154 1107 1480 2453 2113 924 3313 314 2399 497 797 3523 1585 3247 409 1404 2046 3067 2360 0 2551 2035 1977 656 1494 382 1049 890 1234 710 3313 3185 1006 1143 593 3344 
