NAME: kroD100
TYPE: TSP
OPTIMAL: 21294
DIMENSION: 100
EDGE_WEIGHT_FORMAT: FULL_MATRIX
0 2793 2097 1655 2251 2118 1515 685 2586 2736 590 2971 365 2003 1023 1433 636 2104 2630 2440 2939 1327 854 407 2415 2869 350 3096 1783 2741 1832 561 2057 360 2460 1681 2535 521 1183 2094 660 1005 1500 1796 2035 875 2858 2950 980 93 2609 663 2079 1301 2691 3156 1883 1579 1948 1979 1258 2361 1298 1709 1798 608 1661 2011 1060 974 1457 1791 1041 1260 1696 1452 1460 1761 438 1525 372 2311 2110 710 1918 1655 2872 403 780 654 1297 2778 1723 509 3179 1639 779 971 1877 2719 
2793 0 993 1157 725 1114 3132 2871 956 1101 3275 1788 2456 2059 1921 1674 3406 1323 195 1197 1395 3844 3235 2398 1224 837 2459 1722 3937 207 2444 3338 2143 2818 403 3583 260 2910 1641 1096 2151 3447 1372 1012 2302 2682 1560 202 3746 2862 188 2785 781 1630 773 1397 2663 3860 1223 821 2926 436 1718 1345 2064 2892 3475 2079 2158 3695 1344 2765 1767 3088 3470 2534 1480 2365 2382 2426 2771 1593 1065 2152 1365 1835 827 2390 3471 3409 1626 388 1070 3302 1306 1785 3565 3751 2415 102 
2097 993 0 572 268 156 2156 2004 506 688 2480 1206 1823 1085 1097 748 2648 371 798 479 972 2960 2360 1691 478 772 1747 1243 2983 1083 1454 2657 1175 2024 930 2614 780 2080 933 121 1441 2568 610 513 1327 1777 1000 1052 2970 2145 880 1921 340 800 595 1141 1672 2927 232 516 1968 654 839 412 1073 2042 2502 1106 1250 2891 747 1772 1083 2136 2493 1552 639 1373 1757 1439 1975 720 95 1391 372 845 775 1719 2665 2639 803 776 669 2581 1132 798 2870 2990 1426 980 
1655 1157 572 0 623 682 2091 1723 1065 1256 2118 1754 1340 1344 776 643 2255 823 982 1042 1543 2696 2087 1252 1036 1288 1313 1807 2840 1144 1589 2210 1441 1661 886 2518 897 1754 484 642 1001 2299 252 145 1558 1557 1560 1300 2592 1718 982 1637 428 507 1105 1710 1793 2741 585 337 1853 721 623 453 1244 1740 2421 1364 1053 2539 202 1848 616 2001 2424 1538 394 1493 1268 1461 1614 1183 638 995 687 954 1288 1256 2314 2255 499 1126 178 2160 1694 894 2433 2601 1583 1095 
2251 725 268 623 0 402 2415 2219 504 707 2671 1329 1952 1348 1286 978 2827 620 531 612 1025 3184 2579 1844 626 671 1902 1331 3233 818 1721 2810 1437 2212 686 2870 515 2282 1069 378 1591 2789 753 509 1591 2006 1106 796 3157 2306 614 2135 218 985 490 1149 1940 3169 498 411 2219 404 1048 641 1341 2251 2759 1369 1477 3087 823 2040 1214 2384 2752 1813 824 1641 1882 1702 2163 940 347 1560 640 1110 670 1860 2861 2822 985 543 649 2747 1112 1061 3029 3172 1694 713 
2118 1114 156 682 402 0 2069 1974 470 623 2470 1074 1864 948 1102 720 2647 219 923 364 875 2917 2323 1717 354 771 1769 1126 2907 1219 1333 2676 1035 2020 1080 2530 917 2063 984 41 1472 2528 668 646 1190 1734 878 1154 2962 2160 1015 1894 495 818 608 1065 1551 2863 173 668 1895 800 831 409 953 2018 2415 968 1214 2875 838 1659 1133 2065 2404 1461 664 1256 1802 1342 1970 565 60 1409 270 750 776 1753 2650 2635 823 859 799 2590 1071 709 2884 2987 1302 1111 
1515 3132 2156 2091 2415 2069 0 830 2461 2508 1255 2365 1671 1305 1383 1472 1480 1909 2937 2205 2546 1138 833 1466 2170 2778 1442 2538 863 3182 879 1761 1282 1155 2955 463 2892 1005 1718 2073 1505 901 1840 2216 1147 701 2372 3208 1596 1454 2990 857 2363 1589 2649 2782 741 892 1926 2394 281 2731 1468 1788 1176 911 346 1295 1056 1432 1986 578 1690 265 338 608 1702 900 1692 734 1145 1858 2103 1387 1799 1320 2786 1565 1294 1431 1599 2926 2255 1584 2857 1361 1827 1666 936 3101 
685 2871 2004 1723 2219 1974 830 0 2433 2543 564 2623 883 1564 950 1257 789 1889 2686 2229 2680 974 364 713 2198 2744 672 2773 1217 2867 1285 994 1593 325 2604 1030 2613 185 1255 1961 847 577 1499 1866 1528 286 2557 2993 1037 625 2701 86 2097 1243 2581 2913 1283 1061 1803 2059 582 2438 1171 1592 1367 88 993 1566 760 921 1559 1166 1164 576 1024 880 1399 1237 920 987 319 1996 1985 775 1724 1329 2749 802 706 755 1246 2762 1849 831 2960 1337 1117 1081 1338 2815 
2586 956 506 1065 504 470 2461 2433 0 203 2937 861 2324 1226 1571 1186 3116 559 805 275 523 3364 2778 2183 310 318 2236 839 3315 1123 1656 3145 1294 2488 1096 2924 859 2528 1436 492 1936 2980 1114 981 1459 2185 632 912 3430 2629 937 2355 716 1285 209 650 1867 3288 642 913 2312 831 1301 878 1296 2481 2805 1243 1673 3340 1249 1997 1586 2485 2789 1856 1128 1596 2259 1728 2439 687 477 1877 710 1157 326 2216 3116 3104 1289 593 1131 3060 629 1128 3353 3455 1614 995 
2736 1101 688 1256 707 623 2508 2543 203 0 3061 688 2487 1233 1714 1316 3247 654 968 315 324 3455 2879 2336 347 323 2388 646 3369 1282 1673 3292 1289 2618 1280 2970 1035 2648 1605 653 2093 3077 1286 1178 1453 2285 460 1027 3554 2774 1106 2467 918 1438 328 454 1876 3356 789 1116 2379 1022 1440 1029 1333 2595 2849 1248 1786 3457 1435 2015 1754 2553 2830 1911 1286 1623 2424 1779 2569 670 643 2026 828 1235 334 2375 3235 3233 1444 719 1330 3200 448 1215 3496 3583 1626 1152 
590 3275 2480 2118 2671 2470 1255 564 2937 3061 0 3179 945 2127 1386 1751 231 2409 3100 2751 3219 744 429 902 2722 3240 841 3326 1270 3244 1843 519 2157 459 2969 1267 3015 418 1634 2453 1133 482 1924 2263 2091 850 3105 3416 493 497 3096 619 2524 1687 3070 3449 1824 1044 2297 2454 1071 2839 1643 2071 1929 489 1285 2129 1279 420 1932 1694 1510 992 1328 1438 1849 1799 1012 1549 508 2544 2474 1124 2234 1872 3245 944 200 192 1686 3212 2215 340 3489 1874 576 525 1898 3209 
2971 1788 1206 1754 1329 1074 2365 2623 861 688 3179 0 2790 1083 1974 1564 3390 952 1656 730 410 3433 2914 2602 728 971 2643 181 3217 1970 1486 3500 1088 2777 1957 2803 1719 2764 1977 1115 2386 3089 1697 1718 1219 2341 230 1702 3660 2990 1792 2561 1513 1758 1016 550 1643 3254 1181 1708 2311 1689 1709 1392 1263 2692 2678 1088 1927 3539 1895 1803 2115 2479 2649 1832 1642 1478 2739 1699 2730 662 1124 2288 1130 1321 982 2663 3328 3365 1769 1403 1872 3380 665 1333 3681 3703 1429 1840 
365 2456 1823 1340 1952 1864 1671 883 2324 2487 945 2790 0 1900 817 1227 1000 1880 2300 2204 2714 1667 1142 229 2183 2592 232 2901 2070 2394 1809 882 1968 600 2112 1913 2200 768 891 1835 404 1319 1215 1476 1975 977 2656 2620 1344 453 2270 829 1767 1054 2411 2922 1901 1882 1700 1652 1395 2029 1082 1459 1700 829 1874 1911 965 1339 1138 1838 741 1439 1903 1471 1200 1726 75 1514 580 2129 1848 510 1692 1508 2594 136 1139 1019 1046 2465 1389 864 2934 1480 1110 1332 1847 2378 
2003 2059 1085 1344 1348 948 1305 1564 1226 1233 2127 1083 1900 0 1121 803 2347 736 1870 953 1242 2350 1837 1684 918 1529 1711 1249 2167 2166 441 2494 97 1756 2010 1759 1863 1718 1283 970 1519 2007 1146 1402 243 1279 1068 2082 2597 2003 1962 1509 1395 1041 1430 1477 643 2184 875 1516 1229 1738 930 894 205 1639 1635 21 947 2468 1371 783 1376 1398 1612 749 1017 405 1867 615 1713 565 1001 1395 728 436 1539 1765 2264 2317 1055 1770 1518 2357 1555 488 2656 2645 393 2058 
1023 1921 1097 776 1286 1102 1383 950 1571 1714 1386 1974 817 1121 0 414 1551 1082 1738 1417 1917 1923 1314 632 1392 1864 679 2088 2078 1919 1139 1577 1199 929 1661 1779 1663 997 337 1080 415 1526 550 918 1240 786 1846 2047 1874 1060 1751 864 1150 301 1690 2134 1291 1969 930 1110 1121 1488 276 694 933 972 1692 1135 335 1801 626 1287 323 1254 1701 921 463 1043 770 897 879 1312 1098 317 895 704 1868 689 1575 1543 301 1829 913 1489 2157 669 1783 1894 1160 1866 
1433 1674 748 643 978 720 1472 1257 1186 1316 1751 1564 1227 803 414 0 1933 672 1481 1011 1506 2212 1612 1046 985 1491 1092 1675 2263 1711 963 1982 893 1304 1484 1915 1427 1343 482 705 823 1819 398 752 977 1030 1432 1770 2244 1465 1523 1176 896 239 1325 1725 1158 2192 548 924 1254 1261 147 339 652 1299 1811 820 502 2155 602 1206 588 1414 1809 899 252 864 1176 818 1254 903 728 731 489 368 1496 1101 1931 1919 252 1517 818 1885 1753 315 2182 2270 963 1635 
636 3406 2648 2255 2827 2647 1480 789 3116 3247 231 3390 1000 2347 1551 1933 0 2598 3236 2940 3416 822 648 1009 2912 3414 947 3533 1415 3363 2071 340 2380 629 3084 1461 3146 629 1772 2628 1255 656 2075 2398 2317 1073 3309 3554 345 553 3224 837 2670 1849 3241 3644 2056 1178 2474 2586 1302 2971 1816 2243 2147 709 1489 2349 1476 358 2062 1926 1639 1219 1534 1667 2011 2025 1074 1776 678 2749 2647 1268 2420 2076 3418 1030 244 55 1847 3364 2338 185 3680 2075 347 346 2126 3335 
2104 1323 371 823 620 219 1909 1889 559 654 2409 952 1880 736 1082 672 2598 0 1134 342 836 2809 2228 1712 314 877 1760 1035 2759 1435 1136 2655 821 1969 1299 2372 1133 1995 1032 250 1478 2427 745 816 979 1634 786 1350 2901 2137 1231 1813 707 828 740 1053 1353 2729 238 868 1754 1019 806 441 762 1941 2254 756 1133 2804 946 1470 1174 1926 2240 1301 697 1066 1823 1176 1920 366 278 1398 188 598 885 1760 2581 2582 837 1043 964 2556 1083 570 2854 2931 1102 1324 
2630 195 798 982 531 923 2937 2686 805 968 3100 1656 2300 1870 1738 1481 3236 1134 0 1029 1277 3659 3050 2231 1054 741 2292 1605 3744 320 2251 3179 1955 2642 362 3389 118 2730 1467 904 1982 3262 1188 838 2112 2493 1427 320 3575 2696 142 2601 591 1444 642 1308 2469 3669 1029 651 2733 272 1529 1151 1871 2710 3280 1890 1968 3520 1175 2571 1597 2895 3275 2339 1291 2171 2226 2231 2595 1416 873 1977 1171 1640 732 2228 3296 3238 1440 307 911 3137 1228 1590 3405 3582 2223 195 
2440 1197 479 1042 612 364 2205 2229 275 315 2751 730 2204 953 1417 1011 2940 342 1029 0 515 3141 2565 2044 35 578 2094 765 3063 1348 1386 2993 1020 2311 1278 2668 1064 2336 1336 402 1806 2762 1027 993 1184 1970 521 1174 3243 2475 1151 2154 785 1151 483 718 1595 3046 509 979 2069 998 1141 746 1033 2282 2548 970 1474 3145 1201 1728 1483 2242 2530 1604 1007 1330 2144 1473 2261 413 404 1731 523 921 587 2088 2923 2924 1158 854 1148 2896 742 900 3194 3273 1343 1224 
2939 1395 972 1543 1025 875 2546 2680 523 324 3219 410 2714 1242 1917 1506 3416 836 1277 515 0 3554 3000 2548 533 566 2596 328 3409 1585 1678 3487 1276 2789 1599 3001 1351 2801 1851 912 2314 3189 1542 1477 1430 2410 218 1298 3709 2969 1417 2610 1231 1661 636 237 1863 3419 1023 1430 2450 1345 1642 1260 1383 2740 2877 1252 1941 3601 1711 2015 1997 2623 2853 1971 1520 1646 2656 1835 2741 698 910 2234 1024 1352 577 2596 3383 3397 1669 1008 1632 3383 317 1345 3683 3743 1625 1455 
1327 3844 2960 2696 3184 2917 1138 974 3364 3455 744 3433 1667 2350 1923 2212 822 2809 3659 3141 3554 0 610 1581 3108 3680 1524 3598 658 3840 1967 1156 2350 1099 3576 875 3586 962 2224 2908 1776 397 2472 2840 2238 1184 3405 3964 677 1233 3675 1059 3069 2215 3525 3791 1866 418 2750 3033 1123 3411 2137 2550 2180 960 961 2346 1710 522 2529 1707 2124 961 1009 1601 2370 1960 1729 1735 1136 2857 2934 1729 2657 2220 3686 1642 587 772 2218 3726 2819 1006 3851 2241 1074 759 2026 3789 
854 3235 2360 2087 2579 2323 833 364 2778 2879 429 2914 1142 1837 1314 1612 648 2228 3050 2565 3000 610 0 1015 2533 3091 964 3071 931 3231 1503 947 1853 544 2967 854 2977 382 1617 2313 1186 213 1863 2230 1765 594 2865 3356 789 769 3065 450 2460 1606 2932 3235 1453 741 2154 2423 680 2802 1531 1948 1651 357 861 1836 1111 641 1921 1311 1521 576 903 1105 1762 1474 1194 1231 570 2308 2337 1128 2068 1651 3097 1091 468 598 1609 3122 2211 767 3288 1666 995 852 1560 3179 
407 2398 1691 1252 1844 1717 1466 713 2183 2336 902 2602 229 1684 632 1046 1009 1712 2231 2044 2548 1581 1015 0 2021 2464 62 2720 1924 2354 1582 967 1749 482 2075 1736 2139 633 776 1691 253 1209 1093 1394 1752 765 2478 2550 1352 465 2215 647 1674 899 2285 2762 1672 1753 1548 1580 1187 1964 906 1308 1482 674 1688 1695 742 1318 1056 1611 636 1244 1713 1243 1055 1499 229 1285 448 1940 1706 315 1525 1304 2466 101 1102 1015 894 2372 1329 907 2782 1279 1185 1353 1619 2326 
2415 1224 478 1036 626 354 2170 2198 310 347 2722 728 2183 918 1392 985 2912 314 1054 35 533 3108 2533 2021 0 613 2070 771 3029 1373 1351 2967 985 2283 1297 2633 1086 2307 1318 394 1784 2730 1013 991 1149 1939 525 1205 3214 2450 1175 2123 792 1129 517 741 1560 3011 492 984 2035 1017 1117 727 998 2252 2512 935 1445 3115 1191 1692 1465 2208 2495 1569 988 1294 2124 1438 2234 380 399 1707 497 888 622 2066 2893 2895 1137 885 1146 2870 769 868 3168 3245 1308 1249 
2869 837 772 1288 671 771 2778 2744 318 323 3240 971 2592 1529 1864 1491 3414 877 741 578 566 3680 3091 2464 613 0 2519 888 3633 1033 1964 3429 1592 2788 1088 3241 831 2834 1701 787 2213 3294 1377 1180 1756 2499 753 732 3732 2916 882 2664 887 1571 183 568 2172 3606 943 1070 2631 869 1598 1171 1610 2789 3121 1545 1984 3646 1484 2305 1850 2803 3105 2173 1411 1907 2525 2044 2738 974 767 2163 1023 1475 12 2490 3421 3404 1574 450 1319 3351 491 1446 3642 3755 1920 905 
350 2459 1747 1313 1902 1769 1442 672 2236 2388 841 2643 232 1711 679 1092 947 1760 2292 2094 2596 1524 964 62 2070 2519 0 2763 1878 2416 1594 911 1774 427 2137 1700 2200 582 836 1744 312 1155 1150 1455 1771 746 2523 2611 1290 405 2277 610 1734 952 2341 2812 1677 1703 1599 1641 1165 2025 954 1360 1509 628 1655 1721 766 1256 1117 1609 697 1215 1682 1245 1109 1513 251 1294 395 1981 1760 363 1574 1339 2522 130 1041 954 947 2432 1391 847 2832 1317 1127 1292 1633 2388 
3096 1722 1243 1807 1331 1126 2538 2773 839 646 3326 181 2901 1249 2088 1675 3533 1035 1605 765 328 3598 3071 2720 771 888 2763 0 3393 1912 1660 3632 1258 2915 1925 2979 1678 2909 2067 1165 2497 3249 1774 1756 1394 2493 250 1619 3809 3119 1745 2708 1529 1857 964 399 1820 3426 1252 1727 2478 1667 1819 1475 1422 2840 2854 1254 2063 3691 1961 1980 2208 2647 2826 1998 1731 1647 2847 1863 2868 787 1169 2405 1219 1458 899 2776 3478 3510 1867 1334 1912 3516 517 1464 3818 3850 1603 1783 
1783 3937 2983 2840 3233 2907 863 1217 3315 3369 1270 3217 2070 2167 2078 2263 1415 2759 3744 3063 3409 658 931 1924 3029 3633 1878 3393 0 3967 1736 1755 2140 1470 3724 415 3689 1302 2411 2908 2060 791 2595 2975 1999 1294 3233 4028 1330 1695 3784 1293 3158 2334 3498 3644 1576 244 2756 3163 1014 3520 2229 2595 2038 1251 540 2157 1790 1168 2704 1414 2345 849 572 1460 2469 1763 2117 1591 1491 2721 2937 1975 2638 2163 3641 2008 1172 1361 2341 3758 2989 1586 3721 2199 1708 1412 1792 3897 
2741 207 1083 1144 818 1219 3182 2867 1123 1282 3244 1970 2394 2166 1919 1711 3363 1435 320 1348 1585 3840 3231 2354 1373 1033 2416 1912 3967 0 2534 3275 2254 2792 283 3626 303 2894 1619 1196 2113 3443 1377 1002 2409 2695 1741 392 3705 2813 204 2781 819 1639 954 1597 2751 3879 1307 809 2964 451 1739 1397 2154 2883 3522 2187 2179 3664 1316 2845 1734 3121 3519 2593 1498 2450 2319 2492 2745 1731 1165 2127 1453 1908 1023 2338 3442 3369 1633 583 1030 3250 1508 1855 3504 3706 2508 130 
1832 2444 1454 1589 1721 1333 879 1285 1656 1673 1843 1486 1809 441 1139 963 2071 1136 2251 1386 1678 1967 1503 1582 1351 1964 1594 1660 1736 2534 0 2265 404 1533 2351 1325 2232 1458 1395 1348 1475 1651 1356 1678 272 1006 1497 2485 2286 1813 2331 1248 1731 1176 1857 1912 218 1768 1227 1821 847 2091 1045 1175 380 1368 1200 428 861 2144 1564 342 1447 1006 1175 405 1212 99 1792 307 1497 1005 1379 1340 1082 643 1973 1675 1955 2034 1189 2179 1767 2111 1993 702 2401 2342 59 2434 
561 3338 2657 2210 2810 2676 1761 994 3145 3292 519 3500 882 2494 1577 1982 340 2655 3179 2993 3487 1156 947 967 2967 3429 911 3632 1755 3275 2265 0 2538 739 2993 1785 3081 812 1742 2653 1220 987 2060 2349 2495 1261 3398 3499 574 518 3152 1019 2636 1861 3251 3708 2277 1518 2505 2530 1555 2909 1852 2267 2290 906 1804 2500 1574 660 2010 2160 1598 1496 1848 1865 2019 2208 957 1961 781 2845 2669 1268 2470 2179 3433 954 583 394 1856 3335 2269 179 3734 2168 230 527 2317 3260 
2057 2143 1175 1441 1437 1035 1282 1593 1294 1289 2157 1088 1968 97 1199 893 2380 821 1955 1020 1276 2350 1853 1749 985 1592 1774 1258 2140 2254 404 2538 0 1799 2102 1729 1952 1753 1373 1059 1592 2016 1242 1499 165 1307 1093 2161 2621 2054 2050 1543 1488 1131 1500 1509 590 2168 968 1612 1227 1829 1018 991 268 1671 1604 76 1008 2488 1467 739 1463 1392 1579 752 1112 390 1937 623 1758 619 1089 1466 821 526 1602 1832 2288 2348 1145 1847 1615 2397 1592 580 2694 2671 350 2145 
360 2818 2024 1661 2212 2020 1155 325 2488 2618 459 2777 600 1756 929 1304 629 1969 2642 2311 2789 1099 544 482 2283 2788 427 2915 1470 2792 1533 739 1799 0 2518 1333 2558 171 1177 2001 688 729 1465 1806 1757 540 2687 2958 946 303 2640 310 2065 1229 2616 3016 1561 1284 1847 1997 902 2382 1189 1617 1553 249 1307 1761 853 878 1477 1458 1057 900 1340 1139 1391 1472 650 1227 50 2128 2021 667 1791 1457 2792 550 653 616 1228 2753 1762 604 3052 1452 905 967 1583 2754 
2460 403 930 886 686 1080 2955 2604 1096 1280 2969 1957 2112 2010 1661 1484 3084 1299 362 1278 1599 3576 2967 2075 1297 1088 2137 1925 3724 283 2351 2993 2102 2518 0 3393 257 2624 1352 1050 1836 3180 1128 748 2250 2443 1728 604 3427 2533 236 2518 620 1390 966 1653 2567 3627 1136 562 2728 283 1497 1188 1976 2617 3291 2031 1934 3388 1047 2650 1461 2881 3291 2378 1257 2263 2036 2283 2473 1627 1021 1855 1284 1714 1080 2057 3168 3091 1383 669 758 2969 1579 1658 3222 3427 2331 303 
1681 3583 2614 2518 2870 2530 463 1030 2924 2970 1267 2803 1913 1759 1779 1915 1461 2372 3389 2668 3001 875 854 1736 2633 3241 1700 2979 415 3626 1325 1785 1729 1333 3393 0 3340 1164 2116 2533 1829 806 2268 2648 1586 1021 2822 3665 1473 1603 3437 1090 2810 2012 3112 3236 1161 516 2384 2831 665 3176 1897 2238 1637 1089 125 1748 1468 1303 2398 1000 2069 526 159 1070 2135 1355 1949 1197 1341 2316 2563 1727 2260 1781 3249 1829 1233 1406 2020 3386 2675 1606 3314 1821 1792 1553 1380 3549 
2535 260 780 897 515 917 2892 2613 859 1035 3015 1719 2200 1863 1663 1427 3146 1133 118 1064 1351 3586 2977 2139 1086 831 2200 1678 3689 303 2232 3081 1952 2558 257 3340 0 2650 1381 893 1891 3189 1114 752 2106 2428 1489 424 3486 2603 100 2527 531 1373 715 1397 2450 3608 1005 561 2681 176 1465 1105 1852 2633 3234 1884 1905 3435 1084 2545 1507 2840 3230 2299 1225 2149 2126 2195 2511 1436 863 1891 1151 1609 823 2132 3211 3149 1369 415 812 3043 1322 1557 3308 3491 2206 209 
521 2910 2080 1754 2282 2063 1005 185 2528 2648 418 2764 768 1718 997 1343 629 1995 2730 2336 2801 962 382 633 2307 2834 582 2909 1302 2894 1458 812 1753 171 2624 1164 2650 0 1274 2047 814 579 1544 1899 1696 453 2687 3042 908 452 2736 211 2146 1297 2666 3032 1465 1121 1890 2092 765 2474 1241 1669 1518 97 1141 1721 863 812 1578 1350 1166 745 1175 1056 1458 1406 816 1157 189 2126 2069 770 1822 1454 2839 709 588 602 1298 2825 1866 653 3073 1457 944 943 1511 2849 
1183 1641 933 484 1069 984 1718 1255 1436 1605 1634 1977 891 1283 337 482 1772 1032 1467 1336 1851 2224 1617 776 1318 1701 836 2067 2411 1619 1395 1742 1373 1177 1352 2116 1381 1274 0 953 523 1829 324 629 1447 1117 1817 1783 2109 1241 1464 1169 899 244 1520 2048 1569 2294 827 820 1458 1205 358 593 1124 1265 2030 1301 664 2054 305 1585 150 1591 2038 1231 336 1296 824 1189 1130 1333 963 510 849 848 1703 792 1830 1772 230 1596 594 1682 2053 796 1961 2118 1406 1577 
2094 1096 121 642 378 41 2073 1961 492 653 2453 1115 1835 970 1080 705 2628 250 904 402 912 2908 2313 1691 394 787 1744 1165 2908 1196 1348 2653 1059 2001 1050 2533 893 2047 953 0 1445 2518 635 605 1213 1725 918 1143 2944 2137 992 1880 459 792 620 1098 1566 2860 158 629 1895 772 812 386 968 2004 2419 991 1202 2859 800 1672 1102 2064 2409 1466 637 1270 1772 1349 1951 602 31 1384 275 755 792 1726 2634 2617 797 853 759 2569 1101 712 2861 2968 1319 1090 
660 2151 1441 1001 1591 1472 1505 847 1936 2093 1133 2386 404 1519 415 823 1255 1478 1982 1806 2314 1776 1186 253 1784 2213 312 2497 2060 2113 1475 1220 1592 688 1836 1829 1891 814 523 1445 0 1391 840 1144 1614 814 2253 2300 1595 717 1969 768 1421 656 2034 2524 1595 1908 1305 1331 1225 1716 678 1064 1323 831 1765 1531 615 1552 807 1556 385 1314 1785 1180 808 1385 355 1197 645 1725 1459 136 1291 1114 2216 282 1332 1258 649 2120 1084 1159 2540 1082 1438 1601 1506 2081 
1005 3447 2568 2299 2789 2528 901 577 2980 3077 482 3089 1319 2007 1526 1819 656 2427 3262 2762 3189 397 213 1209 2730 3294 1155 3249 791 3443 1651 987 2016 729 3180 806 3189 579 1829 2518 1391 0 2075 2443 1918 795 3048 3568 698 915 3278 662 2672 1818 3137 3425 1579 574 2360 2636 807 3014 1742 2157 1827 566 844 2005 1318 532 2133 1428 1731 670 891 1264 1973 1631 1376 1394 761 2494 2544 1338 2271 1845 3300 1279 427 601 1821 3332 2423 812 3481 1862 985 772 1709 3392 
1500 1372 610 252 753 668 1840 1499 1114 1286 1924 1697 1215 1146 550 398 2075 745 1188 1027 1542 2472 1863 1093 1013 1377 1150 1774 2595 1377 1356 2060 1242 1465 1128 2268 1114 1544 324 635 840 2075 0 380 1346 1318 1524 1498 2406 1554 1204 1413 602 262 1196 1733 1555 2502 523 569 1603 940 372 309 1025 1522 2170 1166 806 2342 227 1604 474 1753 2173 1288 146 1258 1148 1214 1416 1077 643 807 574 733 1379 1114 2116 2071 256 1290 422 1994 1734 673 2277 2420 1353 1318 
1796 1012 513 145 509 646 2216 1866 981 1178 2263 1718 1476 1402 918 752 2398 816 838 993 1477 2840 2230 1394 991 1180 1455 1756 2975 1002 1678 2349 1499 1806 748 2648 752 1899 629 605 1144 2443 380 0 1626 1696 1514 1156 2736 1860 837 1780 300 641 999 1630 1886 2880 584 193 1982 576 751 511 1320 1884 2549 1423 1186 2683 339 1950 759 2133 2550 1652 514 1583 1403 1568 1758 1182 594 1139 708 1036 1180 1396 2459 2399 635 991 155 2302 1606 976 2573 2744 1667 951 
2035 2302 1327 1558 1591 1190 1147 1528 1459 1453 2091 1219 1975 243 1240 977 2317 979 2112 1184 1430 2238 1765 1752 1149 1756 1771 1394 1999 2409 272 2495 165 1757 2250 1586 2106 1696 1447 1213 1614 1918 1346 1626 0 1245 1241 2323 2543 2025 2205 1485 1632 1210 1665 1661 434 2038 1114 1748 1117 1979 1088 1115 325 1610 1461 223 1011 2405 1567 589 1523 1277 1434 660 1210 293 1950 542 1718 783 1243 1484 966 614 1766 1839 2211 2283 1224 2010 1734 2347 1746 673 2640 2597 213 2301 
875 2682 1777 1557 2006 1734 701 286 2185 2285 850 2341 977 1279 786 1030 1073 1634 2493 1970 2410 1184 594 765 1939 2499 746 2493 1294 2695 1006 1261 1307 540 2443 1021 2428 453 1117 1725 814 795 1318 1696 1245 0 2280 2792 1320 836 2520 242 1902 1056 2342 2644 1022 1184 1567 1886 422 2255 965 1369 1083 365 952 1280 529 1198 1413 919 1055 500 971 605 1203 954 993 705 511 1721 1750 706 1476 1059 2505 866 988 1040 1062 2546 1699 1106 2695 1072 1396 1366 1059 2634 
2858 1560 1000 1560 1106 878 2372 2557 632 460 3105 230 2656 1068 1846 1432 3309 786 1427 521 218 3405 2865 2478 525 753 2523 250 3233 1741 1497 3398 1093 2687 1728 2822 1489 2687 1817 918 2253 3048 1524 1514 1241 2280 0 1480 3591 2883 1563 2489 1297 1610 788 425 1674 3253 1002 1493 2292 1461 1575 1225 1226 2621 2697 1077 1834 3477 1712 1829 1960 2463 2672 1810 1482 1473 2602 1675 2639 561 924 2163 971 1233 764 2533 3262 3286 1619 1177 1669 3286 523 1235 3587 3630 1442 1612 
2950 202 1052 1300 796 1154 3208 2993 912 1027 3416 1702 2620 2082 2047 1770 3554 1350 320 1174 1298 3964 3356 2550 1205 732 2611 1619 4028 392 2485 3499 2161 2958 604 3665 424 3042 1783 1143 2300 3568 1498 1156 2323 2792 1480 0 3892 3015 377 2908 896 1750 711 1270 2702 3962 1284 970 3015 591 1828 1434 2107 3019 3553 2101 2265 3836 1494 2813 1915 3180 3546 2605 1594 2410 2546 2490 2909 1583 1113 2293 1418 1896 721 2548 3611 3555 1748 321 1231 3457 1170 1850 3725 3900 2451 304 
980 3746 2970 2592 3157 2962 1596 1037 3430 3554 493 3660 1344 2597 1874 2244 345 2901 3575 3243 3709 677 789 1352 3214 3732 1290 3809 1330 3705 2286 574 2621 946 3427 1473 3486 908 2109 2944 1595 698 2406 2736 2543 1320 3591 3892 0 898 3564 1102 3004 2174 3561 3940 2242 1087 2789 2925 1469 3310 2134 2562 2403 970 1529 2598 1770 171 2401 2100 1979 1353 1576 1884 2337 2251 1417 2004 995 3030 2965 1601 2727 2360 3736 1374 333 337 2173 3696 2679 494 3981 2363 421 82 2343 3676 
93 2862 2145 1718 2306 2160 1454 625 2629 2774 497 2990 453 2003 1060 1465 553 2137 2696 2475 2969 1233 769 465 2450 2916 405 3119 1695 2813 1813 518 2054 303 2533 1603 2603 452 1241 2137 717 915 1554 1860 2025 836 2883 3015 898 0 2678 613 2139 1346 2739 3190 1853 1489 1989 2045 1205 2428 1334 1751 1798 543 1588 2010 1068 886 1521 1755 1102 1196 1624 1426 1506 1746 524 1506 325 2332 2154 753 1952 1670 2920 477 688 568 1342 2837 1792 442 3216 1657 725 894 1860 2789 
2609 188 880 982 614 1015 2990 2701 937 1106 3096 1792 2270 1962 1751 1523 3224 1231 142 1151 1417 3675 3065 2215 1175 882 2277 1745 3784 204 2331 3152 2050 2640 236 3437 100 2736 1464 992 1969 3278 1204 837 2205 2520 1563 377 3564 2678 0 2615 628 1464 781 1450 2549 3701 1105 644 2777 265 1558 1203 1952 2720 3332 1983 1999 3516 1164 2644 1586 2936 3328 2398 1318 2248 2195 2295 2593 1529 961 1974 1250 1709 873 2206 3293 3227 1460 445 886 3118 1369 1656 3379 3568 2305 114 
663 2785 1921 1637 2135 1894 857 86 2355 2467 619 2561 829 1509 864 1176 837 1813 2601 2154 2610 1059 450 647 2123 2664 610 2708 1293 2781 1248 1019 1543 310 2518 1090 2527 211 1169 1880 768 662 1413 1780 1485 242 2489 2908 1102 613 2615 0 2012 1158 2501 2842 1261 1143 1723 1973 596 2352 1087 1509 1310 131 1045 1512 682 992 1473 1152 1079 613 1073 847 1315 1195 861 946 291 1929 1904 692 1646 1259 2670 740 773 807 1161 2678 1763 863 2887 1265 1155 1142 1300 2729 
2079 781 340 428 218 495 2363 2097 716 918 2524 1513 1767 1395 1150 896 2670 707 591 785 1231 3069 2460 1674 792 887 1734 1529 3158 819 1731 2636 1488 2065 620 2810 531 2146 899 459 1421 2672 602 300 1632 1902 1297 896 3004 2139 628 2012 0 854 707 1364 1947 3080 520 199 2150 368 938 578 1355 2123 2704 1416 1378 2943 630 2033 1038 2310 2701 1774 700 1644 1696 1673 2017 1060 435 1403 667 1096 885 1682 2717 2668 851 699 432 2581 1329 1041 2858 3015 1710 739 
1301 1630 800 507 985 818 1589 1243 1285 1438 1687 1758 1054 1041 301 239 1849 828 1444 1151 1661 2215 1606 899 1129 1571 952 1857 2334 1639 1176 1861 1131 1229 1390 2012 1373 1297 244 792 656 1818 262 641 1210 1056 1610 1750 2174 1346 1464 1158 854 0 1395 1869 1361 2240 649 831 1346 1200 133 409 886 1270 1916 1059 546 2102 406 1392 361 1494 1919 1056 163 1076 995 996 1180 1106 809 593 641 606 1574 938 1876 1842 14 1528 666 1780 1884 553 2071 2192 1182 1579 
2691 773 595 1105 490 608 2649 2581 209 328 3070 1016 2411 1430 1690 1325 3241 740 642 483 636 3525 2932 2285 517 183 2341 964 3498 954 1857 3251 1500 2616 966 3112 715 2666 1520 620 2034 3137 1196 999 1665 2342 788 711 3561 2739 781 2501 707 1395 0 696 2069 3463 778 893 2490 724 1428 999 1492 2624 2994 1448 1822 3479 1301 2196 1669 2662 2980 2042 1234 1794 2343 1916 2567 895 597 1986 870 1335 184 2310 3253 3232 1398 395 1139 3175 639 1302 3465 3583 1816 824 
3156 1397 1141 1710 1149 1065 2782 2913 650 454 3449 550 2922 1477 2134 1725 3644 1053 1308 718 237 3791 3235 2762 741 568 2812 399 3644 1597 1912 3708 1509 3016 1653 3236 1397 3032 2048 1098 2524 3425 1733 1630 1661 2644 425 1270 3940 3190 1450 2842 1364 1869 696 0 2094 3656 1223 1560 2688 1420 1858 1463 1620 2972 3111 1487 2170 3834 1888 2247 2196 2860 3087 2208 1723 1882 2862 2073 2967 935 1091 2449 1238 1586 576 2806 3615 3626 1876 1014 1782 3607 118 1577 3906 3973 1858 1470 
1883 2663 1672 1793 1940 1551 741 1283 1867 1876 1824 1643 1901 643 1291 1158 2056 1353 2469 1595 1863 1866 1453 1672 1560 2172 1677 1820 1576 2751 218 2277 590 1561 2567 1161 2450 1465 1569 1566 1595 1579 1555 1886 434 1022 1674 2702 2242 1853 2549 1261 1947 1361 2069 2094 0 1631 1445 2034 775 2308 1228 1387 598 1370 1036 628 987 2091 1757 163 1608 913 1007 433 1410 304 1892 399 1530 1206 1598 1459 1300 855 2182 1770 1916 2015 1374 2396 1971 2114 2180 914 2394 2303 253 2652 
1579 3860 2927 2741 3169 2863 892 1061 3288 3356 1044 3254 1882 2184 1969 2192 1178 2729 3669 3046 3419 418 741 1753 3011 3606 1703 3426 244 3879 1768 1518 2168 1284 3627 516 3608 1121 2294 2860 1908 574 2502 2880 2038 1184 3253 3962 1087 1489 3701 1143 3080 2240 3463 3656 1631 0 2705 3070 977 3437 2143 2529 2037 1082 627 2176 1702 924 2593 1467 2216 804 670 1450 2383 1781 1934 1585 1310 2724 2888 1834 2595 2131 3614 1831 934 1124 2246 3703 2881 1352 3726 2162 1466 1169 1826 3815 
1948 1223 232 585 498 173 1926 1803 642 789 2297 1181 1700 875 930 548 2474 238 1029 509 1023 2750 2154 1548 492 943 1599 1252 2756 1307 1227 2505 968 1847 1136 2384 1005 1890 827 158 1305 2360 523 584 1114 1567 1002 1284 2789 1989 1105 1723 520 649 778 1223 1445 2705 0 656 1742 868 659 241 847 1847 2271 896 1044 2703 714 1542 974 1910 2262 1321 500 1144 1639 1207 1797 600 184 1238 148 613 948 1586 2478 2462 655 1002 729 2418 1235 566 2712 2814 1202 1208 
1979 821 516 337 411 668 2394 2059 913 1116 2454 1708 1652 1516 1110 924 2586 868 651 979 1430 3033 2423 1580 984 1070 1641 1727 3163 809 1821 2530 1612 1997 562 2831 561 2092 820 629 1331 2636 569 193 1748 1886 1493 970 2925 2045 644 1973 199 831 893 1560 2034 3070 656 0 2166 385 935 647 1454 2077 2730 1537 1373 2874 524 2106 947 2319 2730 1822 695 1729 1578 1732 1950 1230 609 1331 796 1178 1067 1577 2650 2588 825 828 269 2486 1522 1120 2755 2932 1806 758 
1258 2926 1968 1853 2219 1895 281 582 2312 2379 1071 2311 1395 1229 1121 1254 1302 1754 2733 2069 2450 1123 680 1187 2035 2631 1165 2478 1014 2964 847 1555 1227 902 2728 665 2681 765 1458 1895 1225 807 1603 1982 1117 422 2292 3015 1469 1205 2777 596 2150 1346 2490 2688 775 977 1742 2166 0 2515 1232 1582 1068 668 572 1224 804 1317 1736 631 1422 173 580 481 1471 837 1414 617 887 1753 1923 1108 1626 1156 2638 1287 1146 1257 1355 2743 2011 1384 2754 1189 1647 1531 906 2889 
2361 436 654 721 404 800 2731 2438 831 1022 2839 1689 2029 1738 1488 1261 2971 1019 272 998 1345 3411 2802 1964 1017 869 2025 1667 3520 451 2091 2909 1829 2382 283 3176 176 2474 1205 772 1716 3014 940 576 1979 2255 1461 591 3310 2428 265 2352 368 1200 724 1420 2308 3437 868 385 2515 0 1294 946 1713 2458 3071 1759 1735 3259 909 2398 1331 2673 3068 2142 1054 2006 1955 2041 2335 1344 743 1715 1015 1461 863 1959 3035 2973 1195 511 640 2869 1357 1407 3135 3316 2068 379 
1298 1718 839 623 1048 831 1468 1171 1301 1440 1643 1709 1082 930 276 147 1816 806 1529 1141 1642 2137 1531 906 1117 1598 954 1819 2229 1739 1045 1852 1018 1189 1497 1897 1465 1241 358 812 678 1742 372 751 1088 965 1575 1828 2134 1334 1558 1087 938 133 1428 1858 1228 2143 659 935 1232 1294 0 428 766 1205 1798 947 441 2052 537 1259 448 1384 1801 926 241 945 1030 863 1140 1049 832 592 620 495 1603 958 1827 1805 146 1591 789 1760 1882 447 2056 2156 1053 1672 
1709 1345 412 453 641 409 1788 1592 878 1029 2071 1392 1459 894 694 339 2243 441 1151 746 1260 2550 1948 1308 727 1171 1360 1475 2595 1397 1175 2267 991 1617 1188 2238 1105 1669 593 386 1064 2157 309 511 1115 1369 1225 1434 2562 1751 1203 1509 578 409 999 1463 1387 2529 241 647 1582 946 428 0 811 1630 2130 915 840 2480 526 1463 738 1746 2125 1196 261 1083 1399 1097 1568 768 405 999 265 532 1175 1346 2255 2233 415 1178 625 2183 1476 474 2476 2584 1161 1313 
1798 2064 1073 1244 1341 953 1176 1367 1296 1333 1929 1263 1700 205 933 652 2147 762 1871 1033 1383 2180 1651 1482 998 1610 1509 1422 2038 2154 380 2290 268 1553 1976 1637 1852 1518 1124 968 1323 1827 1025 1320 325 1083 1226 2107 2403 1798 1952 1310 1355 886 1492 1620 598 2037 847 1454 1068 1713 766 811 0 1440 1516 213 743 2277 1245 708 1205 1240 1498 588 887 304 1668 453 1509 686 999 1197 702 292 1618 1565 2070 2118 900 1804 1421 2154 1689 352 2454 2449 355 2053 
608 2892 2042 1740 2251 2018 911 88 2481 2595 489 2692 829 1639 972 1299 709 1941 2710 2282 2740 960 357 674 2252 2789 628 2840 1251 2883 1368 906 1671 249 2617 1089 2633 97 1265 2004 831 566 1522 1884 1610 365 2621 3019 970 543 2720 131 2123 1270 2624 2972 1370 1082 1847 2077 668 2458 1205 1630 1440 0 1059 1641 809 863 1570 1254 1165 653 1092 965 1429 1318 871 1069 252 2060 2027 772 1773 1390 2794 758 642 678 1272 2794 1859 745 3017 1395 1033 1011 1422 2834 
1661 3475 2502 2421 2759 2415 346 993 2805 2849 1285 2678 1874 1635 1692 1811 1489 2254 3280 2548 2877 961 861 1688 2512 3121 1655 2854 540 3522 1200 1804 1604 1307 3291 125 3234 1141 2030 2419 1765 844 2170 2549 1461 952 2697 3553 1529 1588 3332 1045 2704 1916 2994 3111 1036 627 2271 2730 572 3071 1798 2130 1516 1059 0 1624 1375 1359 2307 875 1989 452 48 954 2035 1232 1906 1078 1310 2193 2449 1658 2145 1666 3130 1783 1270 1436 1925 3272 2581 1625 3190 1707 1827 1607 1255 3443 
2011 2079 1106 1364 1369 968 1295 1566 1243 1248 2129 1088 1911 21 1135 820 2349 756 1890 970 1252 2346 1836 1695 935 1545 1721 1254 2157 2187 428 2500 76 1761 2031 1748 1884 1721 1301 991 1531 2005 1166 1423 223 1280 1077 2101 2598 2010 1983 1512 1416 1059 1448 1487 628 2176 896 1537 1224 1759 947 915 213 1641 1624 0 956 2468 1391 769 1393 1392 1601 745 1036 396 1878 611 1719 579 1021 1407 749 453 1555 1776 2264 2319 1072 1789 1539 2362 1566 506 2660 2646 378 2079 
1060 2158 1250 1053 1477 1214 1056 760 1673 1786 1279 1927 965 947 335 502 1476 1133 1968 1474 1941 1710 1111 742 1445 1984 766 2063 1790 2179 861 1574 1008 853 1934 1468 1905 863 664 1202 615 1318 806 1186 1011 529 1834 2265 1770 1068 1999 682 1378 546 1822 2170 987 1702 1044 1373 804 1735 441 840 743 809 1375 956 0 1671 933 966 655 949 1381 593 681 771 940 588 805 1276 1227 480 964 606 1989 829 1449 1456 553 2017 1207 1454 2211 600 1755 1803 892 2113 
974 3695 2891 2539 3087 2875 1432 921 3340 3457 420 3539 1339 2468 1801 2155 358 2804 3520 3145 3601 522 641 1318 3115 3646 1256 3691 1168 3664 2144 660 2488 878 3388 1303 3435 812 2054 2859 1552 532 2342 2683 2405 1198 3477 3836 171 886 3516 992 2943 2102 3479 3834 2091 924 2703 2874 1317 3259 2052 2480 2277 863 1359 2468 1671 0 2352 1946 1931 1194 1406 1745 2264 2113 1410 1868 926 2917 2881 1544 2633 2250 3651 1353 226 325 2102 3629 2635 539 3879 2257 552 250 2201 3629 
1457 1344 747 202 823 838 1986 1559 1249 1435 1932 1895 1138 1371 626 602 2062 946 1175 1201 1711 2529 1921 1056 1191 1484 1117 1961 2704 1316 1564 2010 1467 1477 1047 2398 1084 1578 305 800 807 2133 227 339 1567 1413 1712 1494 2401 1521 1164 1473 630 406 1301 1888 1757 2593 714 524 1736 909 537 526 1245 1570 2307 1391 933 2352 0 1795 422 1876 2313 1462 358 1465 1066 1400 1430 1291 801 811 786 953 1484 1056 2129 2064 394 1328 290 1963 1877 894 2234 2407 1565 1277 
1791 2765 1772 1848 2040 1659 578 1166 1997 2015 1694 1803 1838 783 1287 1206 1926 1470 2571 1728 2015 1707 1311 1611 1692 2305 1609 1980 1414 2845 342 2160 739 1458 2650 1000 2545 1350 1585 1672 1556 1428 1604 1950 589 919 1829 2813 2100 1755 2644 1152 2033 1392 2196 2247 163 1467 1542 2106 631 2398 1259 1463 708 1254 875 769 966 1946 1795 0 1609 760 846 376 1458 404 1835 397 1430 1348 1703 1422 1401 937 2315 1710 1777 1883 1404 2512 2024 1994 2331 992 2268 2163 391 2749 
1041 1767 1083 616 1214 1133 1690 1164 1586 1754 1510 2115 741 1376 323 588 1639 1174 1597 1483 1997 2124 1521 636 1465 1850 697 2208 2345 1734 1447 1598 1463 1057 1461 2069 1507 1166 150 1102 385 1731 474 759 1523 1055 1960 1915 1979 1102 1586 1079 1038 361 1669 2196 1608 2216 974 947 1422 1331 448 738 1205 1165 1989 1393 655 1931 422 1609 0 1543 2001 1243 478 1349 675 1217 1012 1466 1112 395 989 942 1852 646 1708 1642 349 1737 705 1544 2202 896 1819 1985 1463 1699 
1260 3088 2136 2001 2384 2065 265 576 2485 2553 992 2479 1439 1398 1254 1414 1219 1926 2895 2242 2623 961 576 1244 2208 2803 1215 2647 849 3121 1006 1496 1392 900 2881 526 2840 745 1591 2064 1314 670 1753 2133 1277 500 2463 3180 1353 1196 2936 613 2310 1494 2662 2860 913 804 1910 2319 173 2673 1384 1746 1240 653 452 1392 949 1194 1876 760 1543 0 472 652 1624 1002 1466 788 894 1925 2093 1206 1796 1328 2811 1342 1041 1171 1502 2911 2155 1320 2927 1360 1566 1420 1065 3049 
1696 3470 2493 2424 2752 2404 338 1024 2789 2830 1328 2649 1903 1612 1701 1809 1534 2240 3275 2530 2853 1009 903 1713 2495 3105 1682 2826 572 3519 1175 1848 1579 1340 3291 159 3230 1175 2038 2409 1785 891 2173 2550 1434 971 2672 3546 1576 1624 3328 1073 2701 1919 2980 3087 1007 670 2262 2730 580 3068 1801 2125 1498 1092 48 1601 1381 1406 2313 846 2001 472 0 943 2036 1210 1933 1064 1342 2172 2439 1675 2135 1654 3114 1809 1316 1480 1929 3262 2585 1668 3167 1697 1872 1654 1230 3439 
1452 2534 1552 1538 1813 1461 608 880 1856 1911 1438 1832 1471 749 921 899 1667 1301 2339 1604 1971 1601 1105 1243 1569 2173 1245 1998 1460 2593 405 1865 752 1139 2378 1070 2299 1056 1231 1466 1180 1264 1288 1652 660 605 1810 2605 1884 1426 2398 847 1774 1056 2042 2208 433 1450 1321 1822 481 2142 926 1196 588 965 954 745 593 1745 1462 376 1243 652 943 0 1144 369 1464 135 1105 1274 1496 1045 1192 712 2181 1341 1552 1630 1068 2319 1710 1709 2276 755 1997 1939 460 2507 
1460 1480 639 394 824 664 1702 1399 1128 1286 1849 1642 1200 1017 463 252 2011 697 1291 1007 1520 2370 1762 1055 988 1411 1109 1731 2469 1498 1212 2019 1112 1391 1257 2135 1225 1458 336 637 808 1973 146 514 1210 1203 1482 1594 2337 1506 1318 1315 700 163 1234 1723 1410 2383 500 695 1471 1054 241 261 887 1429 2035 1036 681 2264 358 1458 478 1624 2036 1144 0 1114 1139 1068 1342 1002 651 753 513 596 1414 1089 2038 2004 164 1367 567 1942 1734 537 2231 2355 1211 1432 
1761 2365 1373 1493 1641 1256 900 1237 1596 1623 1799 1478 1726 405 1043 864 2025 1066 2171 1330 1646 1960 1474 1499 1294 1907 1513 1647 1763 2450 99 2208 390 1472 2263 1355 2149 1406 1296 1270 1385 1631 1258 1583 293 954 1473 2410 2251 1746 2248 1195 1644 1076 1794 1882 304 1781 1144 1729 837 2006 945 1083 304 1318 1232 396 771 2113 1465 404 1349 1002 1210 369 1114 0 1707 249 1435 962 1301 1251 1001 551 1917 1591 1918 1990 1090 2108 1671 2058 1959 609 2350 2304 121 2352 
438 2382 1757 1268 1882 1802 1692 920 2259 2424 1012 2739 75 1867 770 1176 1074 1823 2226 2144 2656 1729 1194 229 2124 2525 251 2847 2117 2319 1792 957 1937 650 2036 1949 2126 816 824 1772 355 1376 1148 1403 1950 993 2602 2546 1417 524 2195 861 1696 995 2343 2862 1892 1934 1639 1578 1414 1955 1030 1399 1668 871 1906 1878 940 1410 1066 1835 675 1466 1933 1464 1139 1707 0 1501 627 2079 1784 472 1635 1468 2527 127 1208 1091 987 2393 1315 939 2872 1437 1185 1406 1828 2303 
1525 2426 1439 1461 1702 1342 734 987 1728 1779 1549 1699 1514 615 897 818 1776 1176 2231 1473 1835 1735 1231 1285 1438 2044 1294 1863 1591 2492 307 1961 623 1227 2283 1197 2195 1157 1189 1349 1197 1394 1214 1568 542 705 1675 2490 2004 1506 2295 946 1673 996 1916 2073 399 1585 1207 1732 617 2041 863 1097 453 1069 1078 611 588 1868 1400 397 1217 788 1064 135 1068 249 1501 0 1191 1139 1379 1061 1074 594 2053 1381 1671 1741 1008 2201 1635 1809 2141 642 2101 2056 356 2402 
372 2771 1975 1614 2163 1970 1145 319 2439 2569 508 2730 580 1713 879 1254 678 1920 2595 2261 2741 1136 570 448 2234 2738 395 2868 1491 2745 1497 781 1758 50 2473 1341 2511 189 1130 1951 645 761 1416 1758 1718 511 2639 2909 995 325 2593 291 2017 1180 2567 2967 1530 1310 1797 1950 887 2335 1140 1568 1509 252 1310 1719 805 926 1430 1430 1012 894 1342 1105 1342 1435 627 1191 0 2081 1972 620 1741 1410 2742 521 701 666 1179 2704 1716 650 3002 1404 951 1017 1546 2707 
2311 1593 720 1183 940 565 1858 1996 687 670 2544 662 2129 565 1312 903 2749 366 1416 413 698 2857 2308 1940 380 974 1981 787 2721 1731 1005 2845 619 2128 1627 2316 1436 2126 1333 602 1725 2494 1077 1182 783 1721 561 1583 3030 2332 1529 1929 1060 1106 895 935 1206 2724 600 1230 1753 1344 1049 768 686 2060 2193 579 1276 2917 1291 1348 1466 1925 2172 1274 1002 962 2079 1139 2081 0 625 1626 505 672 985 2001 2701 2726 1117 1263 1329 2729 1002 677 3030 3069 957 1611 
2110 1065 95 638 347 60 2103 1985 477 643 2474 1124 1848 1001 1098 728 2647 278 873 404 910 2934 2337 1706 399 767 1760 1169 2937 1165 1379 2669 1089 2021 1021 2563 863 2069 963 31 1459 2544 643 594 1243 1750 924 1113 2965 2154 961 1904 435 809 597 1091 1598 2888 184 609 1923 743 832 405 999 2027 2449 1021 1227 2881 801 1703 1112 2093 2439 1496 651 1301 1784 1379 1972 625 0 1401 305 785 771 1739 2656 2637 813 823 748 2587 1091 742 2879 2988 1350 1059 
710 2152 1391 995 1560 1409 1387 775 1877 2026 1124 2288 510 1395 317 731 1268 1398 1977 1731 2234 1729 1128 315 1707 2163 363 2405 1975 2127 1340 1268 1466 667 1855 1727 1891 770 510 1384 136 1338 807 1139 1484 706 2163 2293 1601 753 1974 692 1403 593 1986 2449 1459 1834 1238 1331 1108 1715 592 999 1197 772 1658 1407 480 1544 811 1422 395 1206 1675 1045 753 1251 472 1061 620 1626 1401 0 1211 999 2166 377 1320 1265 589 2096 1098 1190 2470 971 1479 1613 1372 2087 
