NAME: kroE100
TYPE: TSP
OPTIMAL: 22068
DIMENSION: 100
EDGE_WEIGHT_FORMAT: FULL_MATRIX
0 3475 793 3349 1685 2940 147 1304 2084 1489 3496 365 2475 870 1050 671 854 3242 2851 1065 121 2309 910 3385 999 909 2882 1052 3520 2059 1809 455 1976 3096 535 826 3193 1899 2478 682 2706 1752 2701 984 931 832 447 1767 957 1350 380 867 3286 1028 2714 950 1605 561 712 1606 887 748 489 753 1397 2084 3030 1830 332 3092 911 1263 620 74 2620 297 3401 3391 872 1513 1041 3004 187 828 3341 2689 2700 492 1038 1832 2610 2873 2392 2958 728 3386 1292 553 913 3496 
3475 0 4127 146 1985 838 3401 2307 1425 2056 84 3340 1020 3050 3020 3442 2713 1746 1714 2999 3475 1910 3237 1699 2476 3830 659 3467 1579 1582 1677 3393 2133 908 2979 3555 729 2355 1675 2806 835 1940 1704 3031 2557 4123 3724 2035 2825 2356 3787 2985 1045 2454 1124 3015 1876 3281 3613 2078 3310 3010 3168 3268 2117 1452 571 2448 3807 599 3341 2886 3418 3461 869 3368 666 1041 3727 1981 3426 480 3436 2756 550 1825 936 3015 3346 1908 1286 602 1318 1712 3461 465 2189 3720 2585 1466 
793 4127 0 3993 2203 3503 933 1839 2789 2234 4138 1131 3108 1150 1822 740 1634 3612 3236 1838 875 2694 1649 3766 1694 530 3573 1723 3928 2610 2452 1187 2345 3631 1313 1466 3753 2203 2905 1430 3403 2264 3098 1220 1665 77 408 2230 1750 2134 786 1198 3789 1748 3246 1727 2300 1318 1323 2378 963 1538 1278 1495 2010 2687 3726 2111 582 3684 954 1481 744 851 3299 1064 3963 3893 596 2228 980 3671 735 1612 3923 3057 3418 1268 1036 2327 3118 3530 2936 3339 1408 3978 1999 1086 1658 3924 
3349 146 3993 0 1842 697 3277 2168 1315 1945 147 3222 884 2910 2921 3304 2598 1633 1582 2901 3352 1765 3135 1594 2350 3690 583 3370 1486 1438 1546 3278 1987 782 2858 3450 609 2209 1531 2684 750 1796 1566 2889 2436 3987 3591 1890 2720 2255 3666 2845 939 2332 980 2913 1754 3169 3504 1981 3169 2900 3052 3162 1983 1313 529 2301 3681 460 3200 2742 3280 3337 761 3249 579 947 3587 1863 3284 381 3306 2642 450 1688 871 2894 3203 1763 1142 481 1171 1585 3353 376 2067 3605 2465 1373 
1685 1985 2203 1842 0 1301 1662 381 959 940 1982 1698 985 1078 1766 1483 1222 1605 1216 1756 1729 723 1884 1734 824 1855 1545 2153 1851 411 504 1792 512 1431 1325 2106 1550 640 823 1149 1414 68 1062 1048 975 2187 1819 182 1488 1261 2052 1018 1605 882 1046 1696 680 1736 2095 1196 1329 1553 1571 1826 391 549 1703 678 2003 1490 1359 910 1467 1698 1264 1695 1760 1711 1752 769 1442 1575 1588 1267 1722 1082 1505 1343 1361 157 928 1422 733 1322 1982 1782 741 2099 1022 1819 
2940 838 3503 697 1301 0 2893 1668 1157 1709 798 2880 591 2375 2722 2783 2293 1027 900 2704 2964 1081 2907 1036 1971 3146 851 3164 998 894 1168 2955 1335 217 2501 3194 253 1553 840 2319 897 1243 871 2335 2088 3488 3115 1302 2479 2067 3288 2317 472 1980 296 2689 1449 2866 3221 1835 2617 2623 2724 2899 1543 863 933 1651 3268 240 2645 2151 2768 2941 771 2893 462 553 3043 1577 2710 689 2865 2340 426 993 1073 2530 2630 1187 459 593 569 919 3082 496 1733 3280 2126 901 
147 3401 933 3277 1662 2893 0 1285 1997 1389 3425 221 2410 936 904 789 739 3241 2849 918 75 2312 765 3380 931 1051 2797 919 3509 2023 1746 318 1986 3056 430 704 3146 1925 2469 595 2619 1730 2697 1052 845 975 594 1758 818 1227 395 922 3253 946 2677 804 1525 415 601 1490 988 605 346 609 1351 2032 2942 1862 424 3036 1016 1322 736 81 2540 153 3352 3358 1010 1427 1152 2926 308 708 3287 2692 2605 389 1143 1814 2579 2799 2354 2956 597 3329 1212 482 820 3480 
1304 2307 1839 2168 381 1668 1285 0 1108 846 2312 1333 1289 747 1483 1136 918 1964 1572 1476 1350 1049 1570 2099 515 1524 1808 1837 2224 774 675 1432 758 1807 968 1765 1919 785 1187 800 1657 448 1419 745 670 1827 1448 479 1204 1085 1673 679 1986 598 1423 1401 681 1387 1742 1108 1013 1232 1217 1495 267 856 1967 771 1621 1845 1048 696 1113 1318 1525 1325 2129 2091 1422 708 1153 1871 1207 959 2085 1424 1717 982 1074 529 1309 1723 1105 1679 1639 2139 569 1731 718 2195 
2084 1425 2789 1315 959 1157 1997 1108 0 631 1460 1921 566 1825 1616 2169 1291 1994 1687 1597 2072 1428 1824 2065 1098 2575 800 2065 2091 780 458 1970 1398 1370 1569 2136 1374 1576 1351 1404 622 961 1562 1843 1154 2797 2381 1113 1405 948 2375 1752 1622 1057 1105 1602 490 1857 2189 690 2095 1586 1747 1847 852 558 946 1628 2413 1196 2133 1797 2133 2062 556 1952 1548 1709 2477 571 2250 944 2069 1333 1445 1647 631 1608 2174 1000 1127 836 887 1767 2038 1457 795 2296 1176 2012 
1489 2056 2234 1945 940 1709 1389 846 631 0 2091 1297 1141 1410 1013 1686 665 2387 2028 995 1464 1623 1206 2487 568 2093 1424 1458 2552 1035 597 1341 1452 1910 960 1510 1947 1560 1642 810 1243 985 1882 1461 568 2250 1829 1122 781 367 1758 1337 2148 492 1582 985 295 1226 1559 264 1670 955 1121 1219 603 903 1563 1574 1811 1790 1710 1508 1642 1460 1186 1332 2136 2244 2002 175 1847 1575 1500 706 2044 1936 1217 1001 1780 1065 1550 1465 1292 2124 1409 2066 296 1666 579 2489 
3496 84 4138 147 1982 798 3425 2312 1460 2091 0 3369 1030 3052 3063 3447 2744 1679 1660 3043 3499 1877 3278 1627 2498 3831 713 3512 1503 1575 1693 3424 2110 851 3005 3594 669 2331 1638 2831 885 1935 1656 3030 2583 4132 3736 2025 2864 2398 3813 2987 975 2479 1089 3057 1901 3315 3649 2122 3309 3046 3198 3306 2128 1456 638 2426 3828 559 3340 2878 3424 3484 905 3396 592 967 3729 2010 3422 521 3453 2788 481 1777 996 3041 3342 1899 1252 628 1300 1655 3498 394 2214 3752 2612 1390 
365 3340 1131 3222 1698 2880 221 1333 1921 1297 3369 0 2370 1097 692 998 632 3296 2905 708 259 2378 545 3430 911 1272 2720 707 3549 2032 1717 116 2065 3053 381 512 3131 2026 2517 563 2539 1766 2752 1213 795 1178 811 1812 642 1088 469 1073 3261 903 2681 596 1470 195 435 1363 1182 420 179 389 1356 2017 2860 1971 580 3008 1213 1470 943 294 2473 69 3335 3365 1229 1360 1354 2862 525 592 3262 2756 2512 356 1338 1853 2594 2742 2359 3012 394 3298 1161 403 761 3513 
2475 1020 3108 884 985 591 2410 1289 566 1141 1030 2370 0 2034 2152 2423 1760 1489 1233 2133 2483 1134 2346 1540 1479 2813 586 2598 1545 609 666 2435 1242 805 1998 2645 813 1458 974 1820 504 948 1135 2020 1576 3103 2707 1065 1920 1489 2802 1968 1057 1470 577 2126 905 2335 2683 1248 2297 2079 2205 2351 1099 438 738 1537 2807 650 2329 1895 2398 2466 335 2391 996 1143 2711 1026 2421 591 2425 1806 904 1241 655 2031 2341 934 648 438 479 1295 2538 931 1209 2763 1609 1460 
870 3050 1150 2910 1078 2375 936 747 1825 1410 3052 1097 2034 0 1580 412 1082 2476 2095 1583 969 1549 1554 2628 858 780 2553 1778 2784 1489 1415 1214 1201 2491 890 1608 2621 1079 1756 838 2398 1133 1953 116 935 1124 804 1085 1351 1493 1237 74 2641 954 2108 1474 1354 1246 1526 1637 271 1249 1083 1422 977 1598 2711 997 1105 2568 308 395 407 921 2270 1053 2830 2745 677 1330 437 2618 700 1096 2798 1919 2448 868 371 1189 1974 2469 1805 2199 1487 2859 1118 1413 961 2777 
1050 3020 1822 2921 1766 2722 904 1483 1616 1013 3063 692 2152 1580 0 1612 569 3339 2961 22 951 2489 238 3452 968 1937 2366 449 3535 1990 1582 640 2235 2921 693 569 2960 2264 2566 761 2186 1829 2809 1685 813 1871 1497 1925 280 668 1099 1531 3156 891 2584 108 1282 505 672 942 1744 337 571 349 1376 1898 2486 2238 1257 2800 1780 1884 1556 982 2162 760 3147 3254 1882 1151 1931 2543 1185 532 3053 2843 2116 721 1896 1919 2536 2449 2281 3064 516 3071 1049 872 765 3480 
671 3442 740 3304 1483 2783 789 1136 2169 1686 3447 998 2423 412 1612 0 1216 2875 2497 1621 791 1954 1525 3029 1118 409 2923 1705 3189 1894 1786 1105 1606 2902 940 1493 3030 1468 2166 969 2762 1541 2358 481 1146 712 430 1497 1435 1690 977 466 3053 1198 2519 1504 1684 1181 1382 1882 252 1277 1052 1375 1340 1991 3080 1380 801 2972 262 751 56 741 2642 937 3240 3157 316 1638 372 3001 485 1215 3206 2319 2798 903 382 1599 2386 2855 2214 2601 1386 3265 1412 1216 1157 3185 
854 2713 1634 2598 1222 2293 739 918 1291 665 2744 632 1760 1082 569 1216 0 2817 2433 563 812 1941 662 2938 404 1596 2088 932 3036 1491 1126 680 1673 2478 321 907 2541 1696 2037 250 1908 1287 2279 1175 249 1662 1245 1371 295 501 1095 1022 2699 341 2119 483 855 575 927 752 1289 337 456 616 838 1437 2228 1669 1163 2405 1328 1342 1163 814 1844 669 2740 2801 1521 737 1479 2233 905 47 2660 2303 1880 366 1430 1377 2051 2117 1803 2537 791 2691 561 1008 201 2989 
3242 1746 3612 1633 1605 1027 3241 1964 1994 2387 1679 3296 1489 2476 3339 2875 2817 0 392 3326 3302 934 3477 160 2426 3153 1877 3746 357 1355 1790 3394 1278 863 2927 3710 1024 1411 782 2753 1906 1537 545 2395 2574 3576 3280 1486 3066 2751 3620 2442 706 2476 912 3279 2092 3340 3699 2585 2651 3152 3174 3427 1979 1496 1959 1505 3539 1208 2665 2132 2880 3266 1761 3288 1098 736 3058 2220 2674 1713 3116 2863 1198 558 2081 2944 2603 1448 867 1619 1116 285 3586 1286 2290 3694 2621 416 
2851 1714 3236 1582 1216 900 2849 1572 1687 2028 1660 2905 1233 2095 2961 2497 2433 392 0 2949 2911 547 3094 535 2039 2788 1704 3363 693 993 1435 3003 893 810 2537 3322 994 1042 396 2363 1698 1149 154 2017 2188 3202 2897 1094 2687 2389 3228 2058 769 2091 687 2898 1733 2951 3309 2239 2278 2766 2784 3041 1595 1158 1811 1140 3150 1125 2294 1761 2500 2875 1539 2897 1134 844 2691 1858 2312 1574 2727 2479 1198 186 1868 2553 2239 1059 585 1454 800 107 3198 1288 1914 3303 2235 703 
1065 2999 1838 2901 1756 2704 918 1476 1597 995 3043 708 2133 1583 22 1621 563 3326 2949 0 967 2479 260 3439 961 1948 2346 469 3520 1976 1567 658 2226 2904 698 591 2942 2258 2553 761 2165 1818 2797 1688 806 1886 1511 1915 271 649 1119 1533 3139 882 2568 117 1266 522 694 921 1750 344 583 369 1365 1882 2465 2232 1275 2781 1787 1884 1565 997 2142 776 3129 3237 1892 1135 1937 2522 1197 528 3034 2831 2095 727 1902 1908 2521 2429 2266 3051 538 3052 1036 893 759 3465 
121 3475 875 3352 1729 2964 75 1350 2072 1464 3499 259 2483 969 951 791 812 3302 2911 967 0 2372 799 3442 1005 1026 2872 933 3573 2092 1820 339 2043 3126 504 706 3217 1977 2533 669 2694 1796 2759 1084 919 920 555 1820 880 1298 325 960 3322 1021 2747 854 1600 453 592 1563 1002 664 406 642 1422 2104 3017 1911 351 3109 1027 1360 739 50 2614 191 3424 3427 992 1502 1159 3001 305 780 3360 2752 2680 464 1154 1879 2648 2874 2424 3018 608 3402 1287 445 895 3545 
2309 1910 2694 1765 723 1081 2312 1049 1428 1623 1877 2378 1134 1549 2489 1954 1941 934 547 2479 2372 0 2603 1081 1539 2256 1701 2872 1235 650 1067 2480 348 1100 2017 2813 1272 522 252 1848 1638 662 404 1474 1693 2661 2350 573 2211 1965 2688 1512 1171 1603 788 2418 1336 2436 2791 1860 1740 2269 2266 2538 1114 871 1839 624 2605 1319 1757 1225 1955 2335 1469 2367 1460 1268 2157 1448 1784 1636 2182 1986 1480 380 1784 2030 1709 573 625 1489 660 652 2687 1562 1458 2772 1741 1232 
910 3237 1649 3135 1884 2907 765 1570 1824 1206 3278 545 2346 1554 238 1525 662 3477 3094 260 799 2603 0 3596 1064 1816 2587 270 3689 2141 1752 464 2328 3101 673 332 3149 2336 2698 792 2406 1949 2940 1665 910 1703 1354 2032 428 881 897 1513 3331 1003 2754 222 1459 350 437 1162 1685 340 478 157 1499 2067 2710 2300 1072 2996 1719 1889 1469 837 2375 613 3340 3430 1771 1330 1866 2758 1066 617 3250 2966 2342 688 1840 2040 2697 2659 2444 3198 284 3272 1199 647 862 3638 
3385 1699 3766 1594 1734 1036 3380 2099 2065 2487 1627 3430 1540 2628 3452 3029 2938 160 535 3439 3442 1081 3596 0 2552 3310 1886 3865 205 1463 1890 3526 1427 850 3059 3836 993 1566 913 2883 1930 1666 684 2548 2698 3730 3430 1623 3182 2853 3761 2593 655 2598 966 3395 2194 3469 3829 2676 2806 3274 3305 3551 2103 1588 1957 1661 3685 1193 2820 2288 3032 3407 1792 3424 1037 664 3214 2323 2831 1710 3262 2985 1149 709 2106 3076 2760 1578 946 1628 1202 429 3713 1234 2404 3830 2744 285 
999 2476 1694 2350 824 1971 931 515 1098 568 2498 911 1479 858 968 1118 404 2426 2039 961 1005 1539 1064 2552 0 1526 1890 1333 2658 1125 816 992 1269 2142 531 1284 2223 1298 1644 349 1716 890 1885 923 156 1704 1286 968 689 651 1324 787 2351 102 1771 887 610 921 1281 780 1110 729 764 1002 452 1107 2040 1276 1331 2106 1150 1026 1075 987 1623 923 2427 2455 1435 535 1292 2006 972 447 2359 1905 1724 559 1228 981 1688 1874 1449 2144 1162 2399 305 1313 204 2616 
909 3830 530 3690 1855 3146 1051 1524 2575 2093 3831 1272 2813 780 1937 409 1596 3153 2788 1948 1026 2256 1816 3310 1526 0 3323 1958 3481 2266 2185 1364 1911 3253 1300 1721 3389 1746 2482 1355 3165 1908 2657 811 1547 467 490 1847 1790 2082 1101 845 3389 1603 2873 1831 2092 1466 1593 2284 529 1611 1366 1661 1741 2378 3481 1649 889 3344 504 1030 451 983 3042 1204 3598 3492 103 2047 481 3395 753 1590 3571 2605 3204 1259 550 1959 2733 3247 2577 2888 1632 3634 1821 1386 1555 3486 
2882 659 3573 583 1545 851 2797 1808 800 1424 713 2720 586 2553 2366 2923 2088 1877 1704 2346 2872 1701 2587 1886 1890 3323 0 2813 1831 1191 1138 2765 1828 1041 2369 2908 938 2043 1515 2204 182 1516 1636 2552 1953 3576 3166 1642 2181 1706 3176 2483 1276 1855 1017 2366 1280 2648 2972 1425 2821 2373 2545 2625 1583 998 159 2122 3212 719 2856 2452 2892 2862 283 2752 1025 1325 3223 1370 2958 218 2861 2130 892 1752 290 2408 2879 1511 1143 258 1042 1743 2818 861 1591 3090 1976 1727 
1052 3467 1723 3370 2153 3164 919 1837 2065 1458 3512 707 2598 1778 449 1705 932 3746 3363 469 933 2872 270 3865 1333 1958 2813 0 3957 2409 2014 600 2595 3361 918 260 3404 2598 2967 1051 2633 2218 3210 1891 1179 1785 1477 2300 689 1117 940 1743 3593 1273 3017 477 1719 534 405 1390 1886 605 695 360 1769 2330 2930 2560 1142 3247 1917 2128 1650 978 2611 768 3593 3691 1925 1589 2060 2991 1227 887 3500 3235 2559 926 2041 2309 2963 2898 2709 3468 326 3519 1466 647 1131 3905 
3520 1579 3928 1486 1851 998 3509 2224 2091 2552 1503 3549 1545 2784 3535 3189 3036 357 693 3520 3573 1235 3689 205 2658 3481 1831 3957 0 1548 1958 3641 1583 792 3173 3939 907 1735 1042 2995 1894 1783 831 2708 2800 3894 3584 1753 3270 2919 3894 2745 560 2698 987 3483 2263 3578 3939 2727 2971 3373 3417 3651 2206 1648 1887 1832 3826 1119 2987 2454 3190 3539 1768 3546 912 539 3384 2393 3004 1642 3403 3083 1035 876 2069 3193 2931 1697 1002 1576 1260 594 3818 1115 2491 3950 2845 113 
2059 1582 2610 1438 411 894 2023 774 780 1035 1575 2032 609 1489 1990 1894 1491 1355 993 1976 2092 650 2141 1463 1125 2266 1191 2409 1548 0 443 2117 653 1037 1652 2397 1145 859 612 1470 1085 360 849 1458 1260 2596 2222 458 1722 1397 2417 1428 1231 1155 655 1936 740 2043 2404 1249 1740 1828 1888 2107 676 229 1345 934 2384 1079 1769 1304 1877 2066 922 2038 1355 1335 2163 865 1847 1193 1976 1538 1313 911 1204 1677 1767 328 563 1038 333 1090 2278 1371 944 2435 1303 1499 
1809 1677 2452 1546 504 1168 1746 675 458 597 1693 1717 666 1415 1582 1786 1126 1790 1435 1567 1820 1067 1752 1890 816 2185 1138 2014 1958 443 0 1788 972 1353 1340 2029 1417 1134 1055 1160 983 514 1291 1420 922 2450 2047 667 1325 963 2139 1345 1580 815 1003 1538 305 1697 2053 806 1685 1457 1558 1735 446 316 1296 1179 2141 1292 1720 1349 1757 1801 857 1734 1619 1679 2085 435 1828 1220 1760 1173 1545 1353 1044 1372 1750 565 957 1079 700 1529 1916 1584 565 2115 959 1899 
455 3393 1187 3278 1792 2955 318 1432 1970 1341 3424 116 2435 1214 640 1105 680 3394 3003 658 339 2480 464 3526 992 1364 2765 600 3641 2117 1788 0 2170 3132 468 396 3205 2136 2614 648 2584 1860 2850 1330 867 1240 893 1911 638 1104 468 1189 3343 975 2763 554 1531 140 321 1386 1295 416 231 309 1442 2092 2902 2083 617 3077 1325 1586 1051 381 2524 169 3407 3447 1327 1416 1465 2913 627 637 3331 2856 2549 450 1451 1948 2680 2797 2442 3110 282 3365 1227 328 829 3604 
1976 2133 2345 1987 512 1335 1986 758 1398 1452 2110 2065 1242 1201 2235 1606 1673 1278 893 2226 2043 348 2328 1427 1269 1911 1828 2595 1583 653 972 2170 0 1391 1715 2517 1551 222 573 1554 1733 473 753 1125 1425 2313 2003 331 1955 1767 2355 1165 1493 1344 1040 2156 1188 2136 2486 1707 1392 1990 1964 2252 883 878 1977 316 2265 1564 1411 881 1607 2005 1567 2049 1750 1593 1811 1281 1442 1801 1843 1715 1752 720 1857 1724 1366 407 881 1647 820 998 2390 1829 1242 2453 1473 1580 
3096 908 3631 782 1431 217 3056 1807 1370 1910 851 3053 805 2491 2921 2902 2478 863 810 2904 3126 1100 3101 850 2142 3253 1041 3361 792 1037 1353 3132 1391 0 2673 3382 185 1602 849 2491 1103 1368 818 2443 2265 3612 3250 1407 2673 2270 3451 2437 255 2158 385 2884 1642 3047 3404 2044 2724 2810 2901 3088 1705 1041 1106 1703 3421 345 2749 2241 2890 3101 984 3063 361 338 3151 1772 2805 860 3012 2525 393 936 1278 2700 2725 1304 520 785 704 804 3269 482 1917 3455 2305 691 
535 2979 1313 2858 1325 2501 430 968 1569 960 3005 381 1998 890 693 940 321 2927 2537 698 504 2017 673 3059 531 1300 2369 918 3173 1652 1340 468 1715 2673 0 804 2752 1696 2147 182 2191 1393 2383 998 422 1342 926 1446 495 822 808 845 2881 528 2301 586 1103 422 774 1071 1053 359 249 559 976 1637 2514 1651 852 2632 1090 1216 885 500 2115 394 2956 2984 1231 1000 1241 2502 587 301 2886 2392 2175 45 1204 1481 2215 2378 1979 2644 677 2923 791 783 394 3136 
826 3555 1466 3450 2106 3194 704 1765 2136 1510 3594 512 2645 1608 569 1493 907 3710 3322 591 706 2813 332 3836 1284 1721 2908 260 3939 2397 2029 396 2517 3382 804 0 3439 2499 2928 965 2727 2173 3168 1724 1139 1529 1235 2240 731 1203 681 1582 3606 1242 3026 545 1746 384 145 1487 1690 572 558 294 1734 2342 3034 2452 886 3294 1718 1977 1439 754 2689 563 3634 3707 1694 1620 1856 3075 1008 860 3549 3184 2668 801 1845 2263 2958 2972 2710 3428 127 3574 1466 387 1094 3895 
3193 729 3753 609 1550 253 3146 1919 1374 1947 669 3131 813 2621 2960 3030 2541 1024 994 2942 3217 1272 3149 993 2223 3389 938 3404 907 1145 1417 3205 1551 185 2752 3439 0 1766 1022 2571 1026 1490 1002 2578 2338 3736 3366 1542 2721 2300 3541 2564 346 2230 518 2930 1693 3115 3468 2060 2860 2869 2974 3145 1796 1115 982 1865 3521 219 2886 2386 3016 3194 929 3145 210 387 3287 1820 2948 740 3118 2588 210 1120 1197 2782 2868 1432 671 692 817 985 3329 298 1981 3531 2376 798 
1899 2355 2203 2209 640 1553 1925 785 1576 1560 2331 2026 1458 1079 2264 1468 1696 1411 1042 2258 1977 522 2336 1566 1298 1746 2043 2598 1735 859 1134 2136 222 1602 1696 2499 1766 0 767 1548 1944 620 915 989 1452 2165 1881 467 1986 1850 2278 1054 1691 1383 1258 2178 1316 2116 2456 1822 1241 1996 1941 2247 965 1078 2194 102 2171 1784 1254 722 1476 1935 1779 2003 1962 1789 1649 1395 1269 2021 1752 1735 1969 859 2063 1699 1196 576 1097 1867 1042 1142 2372 2046 1322 2401 1499 1743 
2478 1675 2905 1531 823 840 2469 1187 1351 1642 1638 2517 974 1756 2566 2166 2037 782 396 2553 2533 252 2698 913 1644 2482 1515 2967 1042 612 1055 2614 573 849 2147 2928 1022 767 0 1971 1471 755 243 1688 1793 2876 2551 712 2291 2000 2853 1713 924 1695 552 2502 1347 2559 2918 1861 1960 2371 2393 2646 1199 801 1644 869 2784 1079 1980 1453 2163 2499 1304 2512 1209 1022 2382 1470 2015 1429 2362 2083 1231 300 1628 2164 1939 666 393 1288 497 500 2805 1314 1519 2917 1840 1024 
682 2806 1430 2684 1149 2319 595 800 1404 810 2831 563 1820 838 761 969 250 2753 2363 761 669 1848 792 2883 349 1355 2204 1051 2995 1470 1160 648 1554 2491 182 965 2571 1548 1971 0 2026 1216 2209 936 251 1451 1030 1276 514 728 983 782 2699 352 2119 661 931 588 946 951 1039 454 422 700 794 1455 2350 1509 1009 2452 1078 1123 917 658 1945 575 2775 2802 1276 833 1229 2332 695 258 2705 2221 2018 212 1182 1305 2033 2205 1797 2470 839 2744 617 965 232 2957 
2706 835 3403 750 1414 897 2619 1657 622 1243 885 2539 504 2398 2186 2762 1908 1906 1698 2165 2694 1638 2406 1930 1716 3165 182 2633 1894 1085 983 2584 1733 1103 2191 2727 1026 1944 1471 2026 0 1391 1616 2402 1776 3408 2996 1524 1999 1525 2996 2327 1349 1679 1014 2185 1106 2467 2790 1245 2667 2191 2364 2443 1424 877 324 2018 3035 810 2703 2314 2730 2685 169 2573 1140 1410 3065 1193 2809 370 2688 1949 1012 1727 176 2230 2731 1395 1121 338 981 1748 2636 993 1415 2909 1798 1794 
1752 1940 2264 1796 68 1243 1730 448 961 985 1935 1766 948 1133 1829 1541 1287 1537 1149 1818 1796 662 1949 1666 890 1908 1516 2218 1783 360 514 1860 473 1368 1393 2173 1490 620 755 1216 1391 0 995 1099 1041 2246 1882 154 1551 1313 2120 1074 1540 946 983 1759 715 1803 2163 1237 1381 1618 1639 1892 453 518 1674 667 2069 1436 1410 948 1526 1766 1237 1763 1700 1645 1805 811 1488 1538 1653 1332 1666 1017 1489 1411 1407 91 863 1384 673 1255 2049 1727 798 2167 1088 1751 
2701 1704 3098 1566 1062 871 2697 1419 1562 1882 1656 2752 1135 1953 2809 2358 2279 545 154 2797 2759 404 2940 684 1885 2657 1636 3210 831 849 1291 2850 753 818 2383 3168 1002 915 243 2209 1616 995 0 1878 2035 3065 2754 941 2534 2241 3078 1915 824 1938 623 2746 1587 2797 3156 2096 2143 2613 2631 2887 1441 1023 1752 1015 3002 1106 2160 1628 2359 2724 1452 2744 1163 911 2559 1710 2183 1522 2579 2325 1211 121 1781 2399 2109 905 495 1393 681 260 3044 1300 1762 3150 2081 829 
984 3031 1220 2889 1048 2335 1052 745 1843 1461 3030 1213 2020 116 1685 481 1175 2395 2017 1688 1084 1474 1665 2548 923 811 2552 1891 2708 1458 1420 1330 1125 2443 998 1724 2578 989 1688 936 2402 1099 1878 0 1013 1188 893 1036 1450 1568 1348 154 2585 1022 2063 1580 1383 1360 1643 1697 282 1356 1196 1535 991 1582 2711 903 1211 2534 311 286 487 1037 2268 1169 2787 2688 708 1370 408 2608 812 1192 2761 1838 2460 978 331 1148 1924 2457 1767 2120 1603 2824 1166 1529 1043 2705 
931 2557 1665 2436 975 2088 845 670 1154 568 2583 795 1576 935 813 1146 249 2574 2188 806 919 1693 910 2698 156 1547 1953 1179 2800 1260 922 867 1425 2265 422 1139 2338 1452 1793 251 1776 1041 2035 1013 0 1683 1261 1122 535 559 1230 868 2480 108 1899 731 682 784 1144 737 1171 578 636 853 595 1225 2100 1428 1259 2213 1211 1145 1098 909 1695 815 2541 2582 1461 583 1358 2082 932 293 2467 2057 1769 458 1300 1131 1823 1956 1579 2293 1018 2503 369 1193 48 2756 
832 4123 77 3987 2187 3488 975 1827 2797 2250 4132 1178 3103 1124 1871 712 1662 3576 3202 1886 920 2661 1703 3730 1704 467 3576 1785 3894 2596 2450 1240 2313 3612 1342 1529 3736 2165 2876 1451 3408 2246 3065 1188 1683 0 422 2208 1789 2163 851 1175 3765 1762 3228 1774 2307 1368 1387 2402 925 1580 1320 1549 2007 2679 3730 2073 643 3671 912 1443 721 894 3300 1111 3947 3869 541 2239 929 3670 758 1642 3909 3022 3426 1297 989 2308 3097 3528 2919 3304 1468 3966 2009 1152 1677 3893 
447 3724 408 3591 1819 3115 594 1448 2381 1829 3736 811 2707 804 1497 430 1245 3280 2897 1511 555 2350 1354 3430 1286 490 3166 1477 3584 2222 2047 893 2003 3250 926 1235 3366 1881 2551 1030 2996 1882 2754 893 1261 422 0 1859 1389 1745 616 839 3416 1341 2865 1396 1892 1006 1105 1981 681 1188 931 1197 1608 2289 3319 1796 410 3290 687 1173 409 518 2892 743 3576 3521 481 1820 769 3266 340 1227 3532 2722 3010 882 799 1950 2742 3126 2550 3002 1152 3585 1591 897 1255 3574 
1767 2035 2230 1890 182 1302 1758 479 1113 1122 2025 1812 1065 1085 1925 1497 1371 1486 1094 1915 1820 573 2032 1623 968 1847 1642 2300 1753 458 667 1911 331 1407 1446 2240 1542 467 712 1276 1524 154 941 1036 1122 2208 1859 0 1645 1438 2141 1032 1559 1035 1026 1850 861 1864 2220 1377 1318 1696 1695 1965 558 648 1798 515 2075 1508 1344 854 1487 1786 1367 1803 1751 1663 1745 950 1409 1651 1654 1415 1727 945 1629 1461 1329 131 890 1496 736 1201 2114 1794 915 2209 1170 1731 
957 2825 1750 2720 1488 2479 818 1204 1405 781 2864 642 1920 1351 280 1435 295 3066 2687 271 880 2211 428 3182 689 1790 2181 689 3270 1722 1325 638 1955 2673 495 731 2721 1986 2291 514 1999 1551 2534 1450 535 1789 1389 1645 0 481 1102 1296 2904 611 2328 213 1031 502 792 767 1538 224 475 444 1098 1641 2309 1962 1220 2570 1576 1631 1380 899 1959 700 2913 3003 1725 902 1728 2345 1056 265 2824 2566 1946 533 1686 1641 2274 2241 2020 2790 637 2847 779 937 488 3217 
1350 2356 2134 2255 1261 2067 1227 1085 948 367 2398 1088 1489 1493 668 1690 501 2751 2389 649 1298 1965 881 2853 651 2082 1706 1117 2919 1397 963 1104 1767 2270 822 1203 2300 1850 2000 728 1525 1313 2241 1568 559 2163 1745 1438 481 0 1556 1425 2511 549 1948 660 659 974 1272 286 1729 691 910 923 887 1271 1832 1850 1648 2135 1769 1675 1640 1306 1495 1137 2484 2606 2002 532 1916 1877 1406 523 2387 2291 1467 866 1859 1398 1917 1781 1659 2486 1116 2403 528 1414 538 2856 
380 3787 786 3666 2052 3288 395 1673 2375 1758 3813 469 2802 1237 1099 977 1095 3620 3228 1119 325 2688 897 3761 1324 1101 3176 940 3894 2417 2139 468 2355 3451 808 681 3541 2278 2853 983 2996 2120 3078 1348 1230 851 616 2141 1102 1556 0 1240 3647 1334 3072 1020 1912 608 537 1832 1217 878 647 753 1746 2427 3318 2208 216 3430 1235 1632 935 355 2923 426 3747 3751 1096 1808 1347 3311 537 1057 3682 3067 2974 772 1359 2202 2972 3186 2749 3336 634 3723 1599 301 1202 3868 
867 2985 1198 2845 1018 2317 922 679 1752 1337 2987 1073 1968 74 1531 466 1022 2442 2058 1533 960 1512 1513 2593 787 845 2483 1743 2745 1428 1345 1189 1165 2437 845 1582 2564 1054 1713 782 2327 1074 1915 154 868 1175 839 1032 1296 1425 1240 0 2591 884 2053 1426 1281 1213 1505 1565 344 1202 1047 1385 905 1533 2641 976 1119 2507 382 400 454 914 2200 1032 2774 2695 743 1257 511 2550 705 1039 2740 1885 2376 826 443 1133 1922 2402 1747 2164 1459 2799 1045 1403 895 2736 
3286 1045 3789 939 1605 472 3253 1986 1622 2148 975 3261 1057 2641 3156 3053 2699 706 769 3139 3322 1171 3331 655 2351 3389 1276 3593 560 1231 1580 3343 1493 255 2881 3606 346 1691 924 2699 1349 1540 824 2585 2480 3765 3416 1559 2904 2511 3647 2591 0 2373 581 3116 1874 3264 3623 2291 2863 3034 3114 3313 1907 1264 1327 1793 3607 559 2885 2365 3045 3295 1236 3268 393 105 3288 2005 2930 1083 3193 2747 495 929 1524 2907 2852 1467 677 1024 902 730 3490 582 2140 3664 2521 453 
1028 2454 1748 2332 882 1980 946 598 1057 492 2479 903 1470 954 891 1198 341 2476 2091 882 1021 1603 1003 2598 102 1603 1855 1273 2698 1155 815 975 1344 2158 528 1242 2230 1383 1695 352 1679 946 1938 1022 108 1762 1341 1035 611 549 1334 884 2373 0 1792 815 579 891 1250 689 1202 676 744 954 496 1118 2003 1366 1358 2106 1242 1128 1153 1009 1594 922 2433 2476 1514 486 1385 1980 1018 387 2360 1963 1677 563 1323 1037 1718 1853 1473 2196 1122 2396 265 1300 148 2653 
2714 1124 3246 980 1046 296 2677 1423 1105 1582 1089 2681 577 2108 2584 2519 2119 912 687 2568 2747 788 2754 966 1771 2873 1017 3017 987 655 1003 2763 1040 385 2301 3026 518 1258 552 2119 1014 983 623 2063 1899 3228 2865 1026 2328 1948 3072 2053 581 1792 0 2541 1302 2683 3042 1744 2344 2454 2533 2733 1328 687 1130 1356 3038 532 2370 1868 2506 2721 859 2689 725 684 2771 1433 2430 899 2628 2166 714 742 1185 2327 2350 920 163 771 323 734 2910 789 1560 3084 1940 913 
950 3015 1727 2913 1696 2689 804 1401 1602 985 3057 596 2126 1474 108 1504 483 3279 2898 117 854 2418 222 3395 887 1831 2366 477 3483 1936 1538 554 2156 2884 586 545 2930 2178 2502 661 2185 1759 2746 1580 731 1774 1396 1850 213 660 1020 1426 3116 815 2541 0 1242 416 629 942 1636 229 467 285 1307 1854 2490 2149 1168 2775 1672 1782 1448 883 2152 663 3120 3215 1775 1113 1823 2536 1080 443 3029 2775 2123 614 1789 1850 2487 2437 2233 3002 471 3050 992 810 683 3430 
1605 1876 2300 1754 680 1449 1525 681 490 295 1901 1470 905 1354 1282 1684 855 2092 1733 1266 1600 1336 1459 2194 610 2092 1280 1719 2263 740 305 1531 1188 1642 1103 1746 1693 1316 1347 931 1106 715 1587 1383 682 2307 1892 861 1031 659 1912 1281 1874 579 1302 1242 0 1430 1779 526 1624 1177 1302 1452 415 617 1430 1342 1935 1551 1662 1375 1647 1587 1016 1494 1889 1973 1995 131 1786 1401 1582 901 1806 1642 1120 1140 1713 789 1261 1275 1004 1829 1637 1836 313 1859 711 2203 
561 3281 1318 3169 1736 2866 415 1387 1857 1226 3315 195 2335 1246 505 1181 575 3340 2951 522 453 2436 350 3469 921 1466 2648 534 3578 2043 1697 140 2136 3047 422 384 3115 2116 2559 588 2467 1803 2797 1360 784 1368 1006 1864 502 974 608 1213 3264 891 2683 416 1430 0 361 1258 1354 283 175 195 1372 2006 2783 2069 753 2980 1386 1603 1126 489 2412 264 3314 3366 1422 1312 1530 2801 717 530 3235 2809 2427 417 1509 1893 2606 2688 2364 3057 256 3266 1133 443 743 3537 
712 3613 1323 3504 2095 3221 601 1742 2189 1559 3649 435 2683 1526 672 1382 927 3699 3309 694 592 2791 437 3829 1281 1593 2972 405 3939 2404 2053 321 2486 3404 774 145 3468 2456 2918 946 2790 2163 3156 1643 1144 1387 1105 2220 792 1272 537 1505 3623 1250 3042 629 1779 361 0 1558 1589 605 525 350 1733 2363 3101 2403 745 3330 1616 1904 1331 641 2744 474 3667 3725 1570 1657 1750 3132 897 880 3585 3166 2739 763 1743 2252 2967 3024 2723 3416 159 3614 1488 242 1102 3898 
1606 2078 2378 1981 1196 1835 1490 1108 690 264 2122 1363 1248 1637 942 1882 752 2585 2239 921 1563 1860 1162 2676 780 2284 1425 1390 2727 1249 806 1386 1707 2044 1071 1487 2060 1822 1861 951 1245 1237 2096 1697 737 2402 1981 1377 767 286 1832 1565 2291 689 1744 942 526 1258 1558 0 1890 975 1185 1209 867 1089 1548 1837 1914 1885 1930 1761 1835 1566 1223 1409 2237 2382 2198 428 2071 1601 1644 782 2134 2158 1181 1115 2007 1313 1731 1511 1474 2331 1401 2146 548 1699 732 2657 
887 3310 963 3169 1329 2617 988 1013 2095 1670 3309 1182 2297 271 1744 252 1289 2651 2278 1750 1002 1740 1685 2806 1110 529 2821 1886 2971 1740 1685 1295 1392 2724 1053 1690 2860 1241 1960 1039 2667 1381 2143 282 1171 925 681 1318 1538 1729 1217 344 2863 1202 2344 1636 1624 1354 1589 1890 0 1407 1207 1542 1247 1859 2979 1148 1049 2816 40 519 285 952 2538 1127 3069 2966 427 1597 190 2883 701 1296 3043 2098 2718 1023 156 1430 2205 2733 2049 2380 1576 3106 1382 1440 1192 2972 
748 3010 1538 2900 1553 2623 605 1232 1586 955 3046 420 2079 1249 337 1277 337 3152 2766 344 664 2269 340 3274 729 1611 2373 605 3373 1828 1457 416 1990 2810 359 572 2869 1996 2371 454 2191 1618 2613 1356 578 1580 1188 1696 224 691 878 1202 3034 676 2454 229 1177 283 605 975 1407 0 260 279 1172 1770 2506 1961 999 2727 1443 1566 1221 686 2141 480 3066 3135 1552 1053 1594 2530 864 290 2982 2634 2147 385 1560 1709 2388 2420 2139 2871 460 3010 894 724 531 3326 
489 3168 1278 3052 1571 2724 346 1217 1747 1121 3198 179 2205 1083 571 1052 456 3174 2784 583 406 2266 478 3305 764 1366 2545 695 3417 1888 1558 231 1964 2901 249 558 2974 1941 2393 422 2364 1639 2631 1196 636 1320 931 1695 475 910 647 1047 3114 744 2533 467 1302 175 525 1185 1207 260 0 339 1214 1862 2684 1894 747 2846 1241 1434 996 427 2300 228 3176 3217 1312 1189 1388 2689 614 415 3101 2640 2334 243 1362 1727 2452 2571 2212 2891 431 3135 997 558 599 3378 
753 3268 1495 3162 1826 2899 609 1495 1847 1219 3306 389 2351 1422 349 1375 616 3427 3041 369 642 2538 157 3551 1002 1661 2625 360 3651 2107 1735 309 2252 3088 559 294 3145 2247 2646 700 2443 1892 2887 1535 853 1549 1197 1965 444 923 753 1385 3313 954 2733 285 1452 195 350 1209 1542 279 339 0 1449 2049 2753 2205 921 3000 1575 1769 1319 681 2401 457 3340 3413 1617 1326 1720 2788 912 569 3255 2906 2389 567 1698 1983 2667 2683 2418 3146 193 3281 1173 526 807 3605 
1397 2117 2010 1983 391 1543 1351 267 852 603 2128 1356 1099 977 1376 1340 838 1979 1595 1365 1422 1114 1499 2103 452 1741 1583 1769 2206 676 446 1442 883 1705 976 1734 1796 965 1199 794 1424 453 1441 991 595 2007 1608 558 1098 887 1746 905 1907 496 1328 1307 415 1372 1733 867 1247 1172 1214 1449 0 689 1740 973 1727 1697 1284 962 1311 1398 1302 1362 2004 2011 1641 451 1398 1664 1332 884 1945 1468 1471 1000 1322 543 1239 1521 1005 1699 1612 1992 360 1759 641 2165 
2084 1452 2687 1313 549 863 2032 856 558 903 1456 2017 438 1598 1898 1991 1437 1496 1158 1882 2104 871 2067 1588 1107 2378 998 2330 1648 229 316 2092 878 1041 1637 2342 1115 1078 801 1455 877 518 1023 1582 1225 2679 2289 648 1641 1271 2427 1533 1264 1118 687 1854 617 2006 2363 1089 1859 1770 1862 2049 689 0 1156 1146 2415 1008 1892 1459 1968 2082 720 2030 1320 1365 2275 748 1982 1028 2020 1484 1257 1100 986 1667 1902 518 647 876 389 1247 2228 1303 876 2417 1264 1586 
3030 571 3726 529 1703 933 2942 1967 946 1563 638 2860 738 2711 2486 3080 2228 1959 1811 2465 3017 1839 2710 1957 2040 3481 159 2930 1887 1345 1296 2902 1977 1106 2514 3034 982 2194 1644 2350 324 1674 1752 2711 2100 3730 3319 1798 2309 1832 3318 2641 1327 2003 1130 2490 1430 2783 3101 1548 2979 2506 2684 2753 1740 1156 0 2275 3359 768 3014 2610 3049 3008 442 2894 1038 1366 3381 1517 3117 247 3012 2269 902 1870 374 2553 3038 1667 1265 359 1182 1843 2946 856 1740 3226 2122 1780 
1830 2448 2111 2301 678 1651 1862 771 1628 1574 2426 1971 1537 997 2238 1380 1669 1505 1140 2232 1911 624 2300 1661 1276 1649 2122 2560 1832 934 1179 2083 316 1703 1651 2452 1865 102 869 1509 2018 667 1015 903 1428 2073 1796 515 1962 1850 2208 976 1793 1366 1356 2149 1342 2069 2403 1837 1148 1961 1894 2205 973 1146 2275 0 2095 1880 1161 630 1390 1869 1855 1945 2063 1891 1553 1413 1171 2107 1679 1707 2068 956 2132 1651 1099 635 1196 1952 1132 1239 2325 2145 1324 2341 1475 1842 
332 3807 582 3681 2003 3268 424 1621 2413 1811 3828 580 2807 1105 1257 801 1163 3539 3150 1275 351 2605 1072 3685 1331 889 3212 1142 3826 2384 2141 617 2265 3421 852 886 3521 2171 2784 1009 3035 2069 3002 1211 1259 643 410 2075 1220 1648 216 1119 3607 1358 3038 1168 1935 753 745 1914 1049 999 747 921 1727 2415 3359 2095 0 3422 1062 1497 764 352 2951 520 3729 3712 890 1842 1163 3336 423 1132 3671 2983 3025 810 1183 2147 2930 3205 2717 3257 826 3717 1623 515 1239 3806 
3092 599 3684 460 1490 240 3036 1845 1196 1790 559 3008 650 2568 2800 2972 2405 1208 1125 2781 3109 1319 2996 1193 2106 3344 719 3247 1119 1079 1292 3077 1564 345 2632 3294 219 1784 1079 2452 810 1436 1106 2534 2213 3671 3290 1508 2570 2135 3430 2507 559 2106 532 2775 1551 2980 3330 1885 2816 2727 2846 3000 1697 1008 768 1880 3422 0 2845 2362 2954 3088 721 3026 353 606 3241 1674 2917 524 3027 2451 255 1227 979 2664 2836 1388 695 474 772 1133 3187 295 1850 3404 2248 1012 
911 3341 954 3200 1359 2645 1016 1048 2133 1710 3340 1213 2329 308 1780 262 1328 2665 2294 1787 1027 1757 1719 2820 1150 504 2856 1917 2987 1769 1720 1325 1411 2749 1090 1718 2886 1254 1980 1078 2703 1410 2160 311 1211 912 687 1344 1576 1769 1235 382 2885 1242 2370 1672 1662 1386 1616 1930 40 1443 1241 1575 1284 1892 3014 1161 1062 2845 0 533 300 978 2573 1156 3095 2988 403 1636 152 2916 725 1335 3070 2112 2755 1059 127 1458 2229 2766 2076 2395 1606 3134 1421 1463 1232 2989 
1263 2886 1481 2742 910 2151 1322 696 1797 1508 2878 1470 1895 395 1884 751 1342 2132 1761 1884 1360 1225 1889 2288 1026 1030 2452 2128 2454 1304 1349 1586 881 2241 1216 1977 2386 722 1453 1123 2314 948 1628 286 1145 1443 1173 854 1631 1675 1632 400 2365 1128 1868 1782 1375 1603 1904 1761 519 1566 1434 1769 962 1459 2610 630 1497 2362 533 0 765 1313 2169 1431 2593 2467 931 1390 565 2486 1095 1367 2577 1579 2391 1203 487 979 1721 2332 1589 1862 1853 2645 1214 1803 1182 2457 
620 3418 744 3280 1467 2768 736 1113 2133 1642 3424 943 2398 407 1556 56 1163 2880 2500 1565 739 1955 1469 3032 1075 451 2892 1650 3190 1877 1757 1051 1607 2890 885 1439 3016 1476 2163 917 2730 1526 2359 487 1098 721 409 1487 1380 1640 935 454 3045 1153 2506 1448 1647 1126 1331 1835 285 1221 996 1319 1311 1968 3049 1390 764 2954 300 765 0 690 2613 882 3226 3149 363 1598 420 2974 434 1161 3189 2323 2763 848 425 1587 2376 2828 2199 2604 1332 3247 1371 1167 1108 3184 
74 3461 851 3337 1698 2941 81 1318 2062 1460 3484 294 2466 921 982 741 814 3266 2875 997 50 2335 837 3407 987 983 2862 978 3539 2066 1801 381 2005 3101 500 754 3194 1935 2499 658 2685 1766 2724 1037 909 894 518 1786 899 1306 355 914 3295 1009 2721 883 1587 489 641 1566 952 686 427 681 1398 2082 3008 1869 352 3088 978 1313 690 0 2603 225 3401 3399 946 1492 1109 2988 256 785 3339 2715 2674 458 1105 1847 2619 2860 2398 2982 654 3382 1274 493 887 3513 
2620 869 3299 761 1264 771 2540 1525 556 1186 905 2473 335 2270 2162 2642 1844 1761 1539 2142 2614 1469 2375 1792 1623 3042 283 2611 1768 922 857 2524 1567 984 2115 2689 929 1779 1304 1945 169 1237 1452 2268 1695 3300 2892 1367 1959 1495 2923 2200 1236 1594 859 2152 1016 2412 2744 1223 2538 2141 2300 2401 1302 720 442 1855 2951 721 2573 2169 2613 2603 0 2502 1067 1304 2941 1115 2675 389 2592 1887 948 1562 328 2153 2595 1236 958 289 812 1592 2593 943 1329 2851 1721 1672 
297 3368 1064 3249 1695 2893 153 1325 1952 1332 3396 69 2391 1053 760 937 669 3288 2897 776 191 2367 613 3424 923 1204 2752 768 3546 2038 1734 169 2049 3063 394 563 3145 2003 2512 575 2573 1763 2744 1169 815 1111 743 1803 700 1137 426 1032 3268 922 2689 663 1494 264 474 1409 1127 480 228 457 1362 2030 2894 1945 520 3026 1156 1431 882 225 2502 0 3350 3372 1163 1388 1295 2890 460 632 3279 2745 2549 363 1282 1849 2599 2768 2367 3004 451 3317 1184 406 784 3513 
3401 666 3963 579 1760 462 3352 2129 1548 2136 592 3335 996 2830 3147 3240 2740 1098 1134 3129 3424 1460 3340 1037 2427 3598 1025 3593 912 1355 1619 3407 1750 361 2956 3634 210 1962 1209 2775 1140 1700 1163 2787 2541 3947 3576 1751 2913 2484 3747 2774 393 2433 725 3120 1889 3314 3667 2237 3069 3066 3176 3340 2004 1320 1038 2063 3729 353 3095 2593 3226 3401 1067 3350 0 375 3496 2014 3155 812 3327 2787 136 1277 1303 2987 3076 1642 874 803 1027 1109 3526 203 2181 3733 2578 800 
3391 1041 3893 947 1711 553 3358 2091 1709 2244 967 3365 1143 2745 3254 3157 2801 736 844 3237 3427 1268 3430 664 2455 3492 1325 3691 539 1335 1679 3447 1593 338 2984 3707 387 1789 1022 2802 1410 1645 911 2688 2582 3869 3521 1663 3003 2606 3751 2695 105 2476 684 3215 1973 3366 3725 2382 2966 3135 3217 3413 2011 1365 1366 1891 3712 606 2988 2467 3149 3399 1304 3372 375 0 3391 2103 3032 1125 3298 2848 496 1012 1582 3010 2954 1572 782 1079 1006 796 3592 576 2241 3768 2624 427 
872 3727 596 3587 1752 3043 1010 1422 2477 2002 3729 1229 2711 677 1882 316 1521 3058 2691 1892 992 2157 1771 3214 1435 103 3223 1925 3384 2163 2085 1327 1811 3151 1231 1694 3287 1649 2382 1276 3065 1805 2559 708 1461 541 481 1745 1725 2002 1096 743 3288 1514 2771 1775 1995 1422 1570 2198 427 1552 1312 1617 1641 2275 3381 1553 890 3241 403 931 363 946 2941 1163 3496 3391 0 1952 391 3293 705 1516 3468 2508 3106 1192 456 1856 2631 3145 2474 2791 1600 3531 1727 1372 1471 3388 
1513 1981 2228 1863 769 1577 1427 708 571 175 2010 1360 1026 1330 1151 1638 737 2220 1858 1135 1502 1448 1330 2323 535 2047 1370 1589 2393 865 435 1416 1281 1772 1000 1620 1820 1395 1470 833 1193 811 1710 1370 583 2239 1820 950 902 532 1808 1257 2005 486 1433 1113 131 1312 1657 428 1597 1053 1189 1326 451 748 1517 1413 1842 1674 1636 1390 1598 1492 1115 1388 2014 2103 1952 0 1767 1503 1502 782 1929 1763 1191 1039 1696 891 1392 1382 1134 1955 1513 1957 230 1744 607 2334 
1041 3426 980 3284 1442 2710 1152 1153 2250 1847 3422 1354 2421 437 1931 372 1479 2674 2312 1937 1159 1784 1866 2831 1292 481 2958 2060 3004 1847 1828 1465 1442 2805 1241 1856 2948 1269 2015 1229 2809 1488 2183 408 1358 929 769 1409 1728 1916 1347 511 2930 1385 2430 1823 1786 1530 1750 2071 190 1594 1388 1720 1398 1982 3117 1171 1163 2917 152 565 420 1109 2675 1295 3155 3032 391 1767 0 3010 854 1486 3136 2128 2868 1210 81 1528 2284 2858 2145 2410 1746 3203 1556 1587 1380 3012 
3004 480 3671 381 1575 689 2926 1871 944 1575 521 2862 591 2618 2543 3001 2233 1713 1574 2522 3001 1636 2758 1710 2006 3395 218 2991 1642 1193 1220 2913 1801 860 2502 3075 740 2021 1429 2332 370 1538 1522 2608 2082 3670 3266 1651 2345 1877 3311 2550 1083 1980 899 2536 1401 2801 3132 1601 2883 2530 2689 2788 1664 1028 247 2107 3336 524 2916 2486 2974 2988 389 2890 812 1125 3293 1503 3010 0 2971 2277 677 1641 506 2540 2930 1521 1042 155 988 1602 2980 643 1714 3240 2109 1536 
187 3436 735 3306 1588 2865 308 1207 2069 1500 3453 525 2425 700 1185 485 905 3116 2727 1197 305 2182 1066 3262 972 753 2861 1227 3403 1976 1760 627 1843 3012 587 1008 3118 1752 2362 695 2688 1653 2579 812 932 758 340 1654 1056 1406 537 705 3193 1018 2628 1080 1582 717 897 1644 701 864 614 912 1332 2020 3012 1679 423 3027 725 1095 434 256 2592 460 3327 3298 705 1502 854 2971 0 887 3274 2560 2694 542 852 1729 2516 2835 2309 2834 905 3323 1275 739 923 3384 
828 2756 1612 2642 1267 2340 708 959 1333 706 2788 592 1806 1096 532 1215 47 2863 2479 528 780 1986 617 2985 447 1590 2130 887 3083 1538 1173 637 1715 2525 301 860 2588 1735 2083 258 1949 1332 2325 1192 293 1642 1227 1415 265 523 1057 1039 2747 387 2166 443 901 530 880 782 1296 290 415 569 884 1484 2269 1707 1132 2451 1335 1367 1161 785 1887 632 2787 2848 1516 782 1486 2277 887 0 2706 2349 1919 345 1440 1423 2098 2161 1850 2583 744 2737 608 964 245 3036 
