NAME: pr124
TYPE: 124-city
OPTIMAL: 59030
DIMENSION: 124
EDGE_WEIGHT_FORMAT: FULL_MATRIX
0 312 750 1062 2063 1481 1000 253 5441 5736 6329 6625 6922 6464 6563 5498 5613 4456 4278 3929 3758 2563 2728 2329 2133 2317 1300 1600 1900 2192 1938 1698 2728 2457 2200 2400 2748 2535 2906 3093 4164 4281 4441 4604 4769 5891 6165 6441 6720 7000 7282 5893 5997 5085 3482 3822 4195 4048 3147 3892 3525 4033 5532 5671 5255 4998 5964 5810 5951 6092 6234 6376 6519 6663 6807 6952 7097 7243 7389 7535 6797 6849 6220 6820 7427 7627 7683 8255 8924 8200 8469 7682 7829 7977 8125 8273 8421 8570 8719 8868 9212 9521 9660 10439 11298 11206 11116 11028 10940 10855 10771 10688 10608 10529 9160 9178 9198 9221 9246 9274 9305 9338 9373 9411 
312 0 438 750 1794 1269 1050 553 5748 6044 6637 6934 7232 6768 6862 5798 5908 4737 4556 4201 4026 2811 2963 2527 2347 2472 1339 1631 1927 2054 1780 1517 2619 2335 2223 2421 2917 2718 3127 3302 4410 4532 4696 4863 5033 6176 6452 6731 7011 7293 7576 6156 6257 5330 3600 3925 4293 4093 3126 3875 3502 3958 5394 5536 5168 4920 5926 5679 5823 5967 6112 6257 6403 6549 6696 6843 6990 7138 7286 7435 6751 6819 6190 6803 7571 7791 7853 8450 9113 8351 8574 7583 7732 7882 8031 8181 8331 8482 8632 8783 9303 9657 9820 10628 11485 11391 11298 11206 11116 11028 10940 10855 10771 10688 9133 9145 9160 9178 9198 9221 9246 9274 9305 9338 
750 438 0 312 1446 1057 1254 987 6180 6477 7071 7368 7666 7195 7284 6222 6324 5137 4954 4591 4411 3179 3314 2839 2681 2735 1504 1770 2045 1931 1636 1344 2523 2227 2327 2517 3192 3010 3461 3620 4769 4895 5065 5237 5411 6580 6859 7140 7423 7707 7992 6533 6630 5685 3802 4107 4465 4195 3148 3894 3516 3892 5226 5373 5075 4843 5901 5520 5667 5815 5964 6113 6262 6411 6561 6711 6861 7012 7163 7314 6712 6800 6175 6804 7790 8037 8104 8735 9390 8577 8738 7465 7616 7768 7919 8071 8223 8376 8528 8681 9448 9862 10058 10904 11757 11659 11562 11467 11373 11280 11189 11099 11011 10924 9112 9117 9125 9135 9148 9163 9182 9202 9226 9252 
1062 750 312 0 1234 1000 1464 1298 6489 6786 7380 7678 7976 7501 7586 6525 6622 5426 5241 4873 4692 3451 3575 3080 2935 2948 1683 1924 2180 1900 1600 1300 2500 2200 2446 2627 3408 3239 3712 3861 5033 5161 5335 5510 5686 6871 7152 7434 7718 8003 8289 6807 6901 5945 3970 4259 4608 4293 3201 3937 3559 3875 5126 5276 5031 4811 5903 5425 5575 5726 5876 6027 6178 6330 6481 6633 6785 6937 7090 7242 6700 6804 6183 6822 7957 8222 8293 8945 9594 8747 8866 7395 7548 7701 7854 8007 8160 8314 8467 8621 9561 10017 10235 11106 11957 11856 11757 11659 11562 11467 11373 11280 11189 11099 9111 9110 9112 9117 9125 9135 9148 9163 9182 9202 
2063 1794 1446 1234 0 725 1825 2229 7175 7475 8075 8375 8675 8119 8153 7121 7160 5890 5693 5300 5104 3855 3905 3324 3265 3055 1854 1929 2046 1175 957 795 1689 1423 2198 2315 3493 3400 3970 4050 5313 5456 5646 5838 6030 7325 7619 7914 8209 8504 8800 7115 7188 6175 3780 3982 4278 3790 2593 3242 2887 2983 3996 4149 4030 3849 5016 4303 4457 4610 4764 4919 5073 5227 5382 5536 5691 5845 6000 6155 5765 5910 5310 5968 7647 7991 8082 8836 9445 8444 8377 6310 6465 6620 6775 6930 7085 7240 7395 7550 9009 9630 9947 10934 11766 11653 11542 11432 11323 11215 11108 11003 10898 10795 8180 8165 8153 8144 8138 8135 8135 8138 8144 8153 
1481 1269 1057 1000 725 0 1100 1602 6450 6750 7350 7650 7950 7394 7430 6397 6438 5173 4977 4585 4390 3138 3197 2625 2553 2381 1140 1253 1421 900 600 300 1500 1200 1628 1780 2831 2719 3274 3368 4620 4761 4949 5139 5329 6611 6904 7198 7492 7786 8081 6423 6499 5496 3217 3460 3785 3388 2245 2965 2590 2875 4170 4316 4034 3812 4905 4463 4610 4758 4907 5056 5205 5355 5505 5656 5806 5957 6109 6260 5700 5807 5187 5828 7161 7470 7553 8267 8893 7957 7987 6412 6564 6716 6868 7021 7173 7326 7479 7632 8657 9187 9456 10395 11235 11128 11021 10916 10812 10710 10609 10509 10410 10313 8111 8110 8112 8117 8125 8136 8149 8166 8186 8209 
1000 1050 1254 1464 1825 1100 0 928 5350 5650 6250 6550 6850 6297 6339 5301 5351 4099 3905 3520 3329 2072 2160 1630 1510 1485 300 600 900 1421 1253 1140 1860 1628 1200 1400 1945 1777 2273 2407 3611 3746 3927 4110 4294 5543 5833 6124 6416 6709 7002 5404 5490 4512 2561 2879 3245 3055 2158 2899 2536 3087 4673 4804 4317 4050 4978 4937 5071 5205 5342 5479 5617 5756 5896 6037 6178 6320 6463 6606 5815 5858 5229 5824 6543 6783 6850 7485 8138 7328 7526 6750 6895 7040 7185 7331 7477 7624 7771 7918 8254 8622 8806 9651 10504 10405 10308 10213 10119 10026 9935 9846 9758 9672 8167 8187 8210 8236 8264 8296 8330 8367 8407 8449 
253 553 987 1298 2229 1602 928 0 5195 5491 6085 6382 6679 6216 6312 5247 5361 4204 4026 3679 3509 2321 2493 2115 1910 2131 1221 1517 1814 2235 2001 1788 2741 2483 2112 2311 2549 2329 2676 2870 3921 4037 4195 4356 4521 5638 5912 6189 6467 6747 7029 5644 5749 4843 3314 3662 4038 3930 3084 3822 3462 4009 5557 5692 5238 4973 5903 5829 5966 6104 6243 6383 6523 6665 6807 6949 7092 7236 7380 7524 6742 6782 6153 6742 7236 7423 7477 8035 8707 8005 8302 7669 7815 7961 8107 8253 8400 8548 8695 8843 9054 9334 9458 10221 11081 10991 10902 10815 10730 10646 10563 10483 10404 10327 9088 9110 9134 9161 9191 9223 9257 9294 9334 9376 
5441 5748 6180 6489 7175 6450 5350 5195 0 300 900 1200 1500 1089 1326 580 953 1730 1893 2237 2415 3442 3499 4081 4032 4469 5361 5389 5434 6520 6483 6459 6634 6570 5494 5543 4223 4145 3574 3664 2706 2590 2441 2299 2167 1500 1530 1616 1749 1921 2121 2314 2458 2684 4779 5014 5185 5806 6124 6429 6313 7105 8855 8926 8066 7771 7953 8998 9073 9150 9229 9310 9393 9478 9564 9652 9742 9834 9927 10022 8678 8506 8032 8291 6057 5785 5725 5583 6225 6482 7555 10118 10216 10315 10415 10517 10620 10725 10830 10937 8382 7789 7417 7476 8267 8243 8223 8205 8190 8178 8169 8163 8160 8160 10318 10414 10512 10611 10711 10813 10916 11020 11126 11232 
5736 6044 6477 6786 7475 6750 5650 5491 300 0 600 900 1200 849 1137 686 1021 1977 2149 2506 2689 3736 3790 4374 4328 4760 5661 5687 5729 6817 6781 6759 6926 6865 5787 5833 4506 4434 3858 3942 2947 2825 2667 2514 2369 1530 1500 1530 1616 1749 1921 2388 2524 2855 5043 5269 5430 6063 6406 6697 6588 7379 9124 9193 8326 8033 8190 9264 9336 9411 9488 9567 9647 9730 9814 9900 9988 10077 10168 10260 8905 8726 8262 8506 6165 5867 5800 5607 6235 6559 7665 10354 10450 10547 10645 10745 10846 10948 11052 11157 8486 7845 7443 7447 8224 8206 8191 8179 8170 8164 8160 8160 8163 8169 10504 10603 10704 10805 10908 11012 11118 11224 11332 11441 
6329 6637 7071 7380 8075 7350 6250 6085 900 600 0 300 600 576 950 1132 1361 2506 2689 3061 3249 4328 4374 4962 4922 5345 6260 6284 6322 7411 7379 7358 7512 7456 6374 6416 5079 5015 4434 4506 3458 3327 3156 2989 2825 1749 1616 1530 1500 1530 1616 2633 2751 3253 5582 5793 5934 6587 6973 7242 7145 7934 9669 9733 8855 8564 8676 9800 9869 9940 10013 10087 10164 10242 10322 10404 10487 10572 10659 10747 9371 9180 8735 8951 6418 6073 5993 5703 6297 6751 7916 10837 10928 11021 11115 11211 11308 11406 11505 11606 8724 7991 7531 7425 8171 8164 8161 8160 8162 8168 8176 8187 8201 8219 10892 10996 11101 11208 11315 11424 11534 11644 11756 11869 
6625 6934 7368 7678 8375 7650 6550 6382 1200 900 300 0 300 637 989 1399 1590 2781 2967 3344 3535 4625 4668 5257 5219 5638 6559 6582 6619 7709 7678 7658 7805 7751 6668 6709 5368 5307 4723 4792 3723 3590 3414 3241 3072 1921 1749 1616 1530 1500 1530 2796 2905 3474 5856 6060 6192 6854 7259 7517 7427 8213 9943 10006 9123 8833 8924 10071 10138 10207 10278 10351 10425 10502 10580 10660 10741 10824 10909 10995 9610 9413 8977 9180 6561 6195 6110 5773 6349 6864 8055 11083 11172 11263 11355 11449 11543 11640 11737 11836 8855 8080 7593 7432 8161 8160 8162 8167 8175 8186 8200 8217 8237 8260 11093 11200 11307 11416 11525 11636 11748 11860 11974 12089 
6922 7232 7666 7976 8675 7950 6850 6679 1500 1200 600 300 0 813 1110 1677 1839 3061 3249 3630 3822 4922 4962 5553 5516 5933 6859 6881 6916 8007 7977 7958 8100 8048 6963 7002 5657 5600 5015 5079 3993 3858 3678 3502 3327 2121 1921 1749 1616 1530 1500 2980 3081 3706 6133 6330 6455 7123 7545 7795 7709 8494 10219 10281 9393 9104 9175 10344 10409 10476 10545 10616 10689 10763 10840 10917 10997 11078 11161 11245 9852 9650 9223 9413 6715 6329 6239 5858 6415 6989 8202 11331 11418 11507 11597 11689 11782 11876 11972 12069 8994 8178 7666 7451 8162 8167 8175 8185 8199 8216 8235 8258 8283 8311 11299 11407 11517 11627 11739 11852 11965 12080 12195 12312 
6464 6768 7195 7501 8119 7394 6297 6216 1089 849 576 637 813 0 375 1000 1068 2349 2545 2939 3136 4301 4314 4912 4901 5279 6279 6275 6286 7385 7375 7378 7439 7406 6311 6336 4973 4937 4342 4383 3242 3102 2915 2731 2550 1308 1116 980 925 965 1089 2171 2276 2900 5392 5571 5680 6362 6840 7053 6985 7764 9472 9528 8631 8345 8382 9587 9648 9712 9777 9844 9913 9985 10058 10133 10210 10289 10369 10451 9050 8845 8425 8606 5926 5558 5473 5148 5734 6227 7418 10535 10620 10707 10796 10886 10978 11071 11165 11261 8218 7448 6972 6850 7596 7589 7586 7585 7588 7595 7604 7617 7632 7651 10486 10594 10704 10814 10926 11039 11153 11267 11383 11500 
6563 6862 7284 7586 8153 7430 6339 6312 1326 1137 950 989 1110 375 0 1068 1000 2302 2502 2902 3102 4309 4300 4900 4908 5253 6304 6282 6275 7375 7381 7399 7399 7381 6282 6295 4923 4905 4306 4326 3135 2989 2796 2603 2412 1076 833 639 551 615 796 1892 1983 2698 5282 5439 5525 6224 6762 6937 6888 7659 9345 9396 8486 8205 8193 9449 9505 9563 9623 9686 9750 9817 9885 9956 10028 10102 10179 10257 8841 8627 8224 8382 5605 5221 5132 4784 5364 5884 7092 10336 10418 10501 10586 10672 10760 10849 10940 11033 7885 7091 6606 6475 7221 7214 7211 7210 7213 7220 7230 7243 7260 7280 10218 10329 10441 10554 10669 10784 10901 11018 11137 11256 
5498 5798 6222 6525 7121 6397 5301 5247 580 686 1132 1399 1677 1000 1068 0 375 1384 1573 1958 2153 3302 3319 3916 3901 4285 5280 5276 5288 6386 6375 6379 6449 6411 5318 5347 3992 3946 3354 3408 2326 2195 2025 1860 1703 928 998 1145 1344 1575 1827 1736 1878 2171 4458 4662 4802 5456 5872 6119 6032 6818 8545 8608 7726 7435 7547 8673 8740 8810 8882 8956 9032 9110 9190 9272 9356 9442 9530 9619 8250 8064 7611 7840 5492 5210 5148 5005 5650 5906 6991 9710 9803 9897 9993 10090 10189 10289 10390 10493 7815 7209 6838 6916 7713 7686 7663 7642 7625 7610 7599 7591 7587 7585 9822 9922 10023 10126 10230 10335 10442 10549 10658 10769 
5613 5908 6324 6622 7160 6438 5351 5361 953 1021 1361 1590 1839 1068 1000 375 0 1304 1503 1903 2102 3311 3300 3900 3910 4254 5309 5284 5275 6375 6382 6403 6403 6382 5284 5299 3929 3906 3308 3334 2174 2034 1848 1666 1488 555 666 871 1119 1389 1668 1370 1510 1892 4324 4504 4618 5295 5781 5985 5920 6698 8404 8461 7564 7278 7336 8520 8582 8646 8713 8781 8853 8926 9001 9078 9158 9239 9322 9407 8020 7824 7388 7593 5144 4849 4784 4630 5275 5543 6644 9494 9583 9673 9765 9859 9954 10050 10149 10248 7465 6840 6464 6544 7345 7317 7292 7270 7252 7237 7225 7217 7212 7210 9535 9638 9742 9848 9955 10063 10172 10283 10395 10508 
4456 4737 5137 5426 5890 5173 4099 4204 1730 1977 2506 2781 3061 2349 2302 1384 1304 0 200 600 800 2035 2004 2603 2627 2951 4036 3995 3976 5076 5091 5123 5100 5079 3980 3995 2627 2603 2004 2035 976 866 742 656 625 1447 1734 2026 2319 2614 2910 1550 1686 1226 3077 3293 3456 4087 4493 4737 4649 5434 7163 7228 6353 6061 6224 7295 7365 7438 7513 7591 7671 7753 7838 7924 8013 8104 8197 8292 6954 6788 6305 6580 4699 4551 4526 4651 5342 5252 6158 8388 8486 8586 8688 8791 8896 9003 9110 9219 6997 6625 6410 6760 7605 7551 7500 7452 7407 7365 7326 7290 7257 7227 8658 8748 8839 8933 9028 9125 9224 9324 9426 9529 
4278 4556 4954 5241 5693 4977 3905 4026 1893 2149 2689 2967 3249 2545 2502 1573 1503 200 0 400 600 1839 1804 2403 2429 2751 3839 3796 3776 4876 4891 4925 4901 4879 3780 3796 2429 2403 1804 1839 833 742 656 625 656 1638 1928 2221 2516 2811 3108 1680 1809 1234 2896 3122 3296 3914 4300 4554 4460 5246 6981 7047 6177 5884 6069 7116 7188 7262 7339 7419 7501 7585 7671 7760 7850 7943 8038 8134 6808 6648 6157 6444 4674 4552 4533 4701 5395 5250 6120 8233 8333 8435 8538 8643 8750 8858 8968 9078 6959 6630 6440 6830 7679 7621 7566 7514 7465 7419 7376 7336 7299 7266 8545 8633 8722 8813 8906 9001 9098 9196 9296 9397 
3929 4201 4591 4873 5300 4585 3520 3679 2237 2506 3061 3344 3630 2939 2902 1958 1903 600 400 0 200 1449 1406 2004 2035 2351 3447 3399 3376 4476 4493 4529 4503 4479 3381 3399 2035 2004 1406 1449 643 625 656 742 866 2026 2319 2614 2910 3207 3504 1976 2091 1343 2543 2790 2990 3578 3915 4193 4085 4875 6619 6689 5831 5535 5768 6762 6837 6915 6996 7079 7165 7253 7343 7436 7531 7627 7726 7826 6524 6378 5869 6185 4651 4580 4575 4825 5521 5269 6063 7928 8032 8138 8245 8354 8464 8576 8689 8803 6900 6657 6519 6983 7839 7774 7712 7653 7597 7543 7493 7445 7400 7358 8330 8412 8497 8583 8671 8762 8854 8948 9043 9140 
3758 4026 4411 4692 5104 4390 3329 3509 2415 2689 3249 3535 3822 3136 3102 2153 2102 800 600 200 0 1257 1206 1804 1839 2151 3251 3200 3177 4276 4294 4332 4304 4280 3181 3200 1839 1804 1206 1257 627 656 742 866 1015 2221 2516 2811 3108 3405 3702 2136 2245 1436 2372 2632 2846 3415 3724 4015 3900 4691 6440 6512 5660 5364 5622 6586 6664 6744 6827 6912 7000 7090 7182 7277 7374 7472 7573 7675 6387 6248 5730 6061 4652 4607 4609 4898 5594 5290 6044 7779 7885 7993 8102 8213 8325 8438 8553 8669 6878 6679 6567 7067 7925 7857 7792 7729 7670 7613 7558 7507 7458 7413 8227 8307 8389 8473 8558 8646 8736 8828 8921 9016 
2563 2811 3179 3451 3855 3138 2072 2321 3442 3736 4328 4625 4922 4301 4309 3302 3311 2035 1839 1449 1257 0 250 650 600 1051 2002 1975 1994 3087 3075 3092 3197 3128 2057 2122 960 781 500 750 1601 1720 1887 2059 2236 3474 3766 4060 4354 4649 4944 3356 3452 2522 1834 2196 2530 2857 2788 3253 3046 3830 5606 5699 4935 4634 5138 5794 5892 5992 6095 6200 6307 6416 6527 6639 6754 6870 6987 7107 5960 5884 5304 5747 5197 5288 5321 5785 6470 5921 6441 7227 7349 7472 7596 7722 7848 7976 8105 8234 7248 7294 7314 7977 8838 8756 8676 8599 8523 8449 8378 8309 8243 8179 8042 8100 8161 8224 8290 8358 8429 8502 8577 8654 
2728 2963 3314 3575 3905 3197 2160 2493 3499 3790 4374 4668 4962 4314 4300 3319 3300 2004 1804 1406 1206 250 0 600 650 971 2057 1994 1975 3075 3087 3128 3138 3092 2002 2044 781 650 250 500 1458 1588 1767 1950 2136 3424 3720 4016 4313 4611 4909 3244 3332 2372 1612 1968 2294 2650 2662 3086 2898 3689 5464 5552 4767 4466 4932 5643 5736 5832 5931 6033 6136 6242 6350 6459 6571 6685 6800 6916 5749 5665 5091 5523 4955 5056 5092 5575 6257 5684 6193 7035 7154 7275 7398 7521 7646 7772 7899 8027 6999 7054 7085 7766 8628 8544 8462 8382 8304 8229 8156 8085 8016 7950 7810 7870 7932 7997 8065 8135 8208 8283 8360 8439 
2329 2527 2839 3080 3324 2625 1630 2115 4081 4374 4962 5257 5553 4912 4900 3916 3900 2603 2403 2004 1804 650 600 0 250 403 1490 1402 1375 2475 2490 2541 2553 2496 1413 1472 500 250 650 781 1996 2136 2324 2514 2706 4016 4313 4611 4909 5207 5505 3798 3877 2885 1414 1793 2159 2351 2151 2658 2425 3202 4975 5072 4332 4032 4611 5171 5273 5378 5485 5594 5705 5819 5935 6052 6171 6292 6414 6537 5446 5394 4796 5279 5148 5313 5365 5927 6595 5907 6291 6662 6789 6916 7045 7174 7305 7437 7569 7703 7073 7252 7349 8110 8969 8877 8788 8700 8615 8531 8449 8370 8292 8217 7604 7653 7706 7761 7819 7879 7942 8008 8076 8146 
2133 2347 2681 2935 3265 2553 1510 1910 4032 4328 4922 5219 5516 4901 4908 3901 3910 2627 2429 2035 1839 600 650 250 0 570 1413 1375 1402 2490 2475 2496 2625 2541 1490 1578 750 500 781 960 2103 2236 2417 2600 2786 4060 4354 4649 4944 5240 5537 3894 3980 3010 1662 2040 2408 2581 2305 2850 2599 3363 5131 5232 4516 4217 4831 5336 5442 5550 5661 5774 5888 6005 6123 6243 6365 6488 6612 6738 5668 5623 5022 5513 5381 5535 5583 6125 6798 6135 6536 6865 6993 7123 7253 7384 7517 7650 7784 7919 7320 7485 7570 8312 9171 9082 8995 8909 8826 8744 8664 8587 8511 8438 7842 7890 7941 7994 8050 8109 8171 8234 8301 8369 
2317 2472 2735 2948 3055 2381 1485 2131 4469 4760 5345 5638 5933 5279 5253 4285 4254 2951 2751 2351 2151 1051 971 403 570 0 1285 1130 1040 2132 2177 2262 2167 2129 1033 1075 461 354 951 996 2268 2414 2609 2804 3001 4341 4640 4939 5238 5538 5837 4066 4135 3120 1209 1578 1956 2040 1750 2280 2033 2804 4576 4674 3947 3648 4271 4775 4879 4986 5095 5206 5320 5436 5554 5673 5795 5918 6042 6168 5111 5074 4468 4973 5109 5319 5381 6000 6655 5884 6181 6296 6424 6554 6685 6817 6950 7084 7219 7354 6945 7204 7349 8169 9023 8926 8831 8738 8646 8556 8468 8383 8299 8217 7311 7355 7402 7452 7505 7561 7619 7680 7744 7811 
1300 1339 1504 1683 1854 1140 300 1221 5361 5661 6260 6559 6859 6279 6304 5280 5309 4036 3839 3447 3251 2002 2057 1490 1413 1285 0 300 600 1253 1140 1100 1628 1421 900 1100 1745 1604 2140 2249 3487 3626 3813 4001 4190 5472 5766 6060 6355 6650 6946 5288 5367 4372 2298 2605 2968 2758 1863 2602 2241 2810 4426 4554 4041 3770 4682 4683 4814 4947 5081 5216 5352 5489 5628 5767 5907 6048 6189 6331 5521 5562 4932 5525 6286 6540 6611 7267 7912 7073 7247 6474 6618 6762 6906 7051 7196 7342 7489 7635 7969 8358 8557 9424 10274 10173 10074 9976 9880 9785 9692 9600 9510 9422 7869 7890 7914 7940 7970 8003 8038 8076 8117 8161 
1600 1631 1770 1924 1929 1253 600 1517 5389 5687 6284 6582 6881 6275 6282 5276 5284 3995 3796 3399 3200 1975 1994 1402 1375 1130 300 0 300 1140 1100 1140 1421 1253 600 800 1578 1472 2044 2122 3384 3527 3719 3912 4105 5417 5714 6010 6308 6605 6903 5186 5259 4248 2046 2338 2695 2462 1570 2306 1947 2538 4186 4310 3768 3493 4388 4436 4564 4693 4825 4957 5091 5226 5363 5500 5638 5778 5918 6058 5228 5265 4636 5226 6033 6302 6376 7054 7692 6823 6969 6200 6342 6485 6629 6773 6917 7062 7208 7354 7685 8096 8312 9201 10048 9945 9843 9743 9644 9547 9452 9358 9266 9175 7572 7593 7618 7645 7676 7710 7747 7787 7829 7875 
1900 1927 2045 2180 2046 1421 900 1814 5434 5729 6322 6619 6916 6286 6275 5288 5275 3976 3776 3376 3177 1994 1975 1375 1402 1040 600 300 0 1100 1140 1253 1253 1140 300 500 1455 1393 1988 2031 3305 3452 3648 3844 4041 5378 5677 5975 6274 6573 6872 5100 5165 4143 1809 2080 2428 2167 1281 2010 1655 2273 3954 4073 3500 3220 4095 4195 4319 4446 4574 4703 4835 4968 5102 5237 5373 5511 5649 5788 4936 4969 4340 4928 5784 6069 6148 6848 7478 6577 6694 5928 6069 6211 6353 6496 6640 6784 6928 7073 7403 7837 8070 8982 9825 9720 9616 9514 9413 9313 9215 9119 9024 8931 7274 7297 7322 7351 7383 7418 7456 7498 7542 7589 
2192 2054 1931 1900 1175 900 1421 2235 6520 6817 7411 7709 8007 7385 7375 6386 6375 5076 4876 4476 4276 3087 3075 2475 2490 2132 1253 1140 1100 0 300 600 600 300 1140 1208 2520 2485 3083 3111 4385 4533 4731 4929 5127 6473 6772 7071 7371 7670 7969 6169 6227 5197 2658 2831 3113 2616 1423 2104 1737 1975 3343 3484 3144 2915 4006 3626 3769 3913 4058 4203 4350 4497 4644 4793 4941 5090 5240 5390 4800 4908 4289 4934 6475 6828 6922 7695 8294 7272 7208 5540 5690 5841 5992 6144 6295 6447 6599 6751 7850 8455 8775 9777 10604 10490 10377 10265 10155 10046 9938 9831 9726 9622 7211 7210 7212 7218 7227 7239 7254 7273 7295 7321 
1938 1780 1636 1600 957 600 1253 2001 6483 6781 7379 7678 7977 7375 7381 6375 6382 5091 4891 4493 4294 3075 3087 2490 2475 2177 1140 1100 1140 300 0 300 900 600 1253 1360 2594 2530 3119 3171 4445 4591 4786 4982 5177 6506 6803 7101 7399 7697 7995 6240 6305 5281 2825 3025 3325 2865 1689 2388 2016 2275 3615 3758 3440 3214 4306 3902 4046 4192 4338 4485 4633 4781 4930 5079 5228 5378 5528 5679 5100 5207 4588 5232 6698 7036 7126 7879 8488 7495 7465 5830 5981 6132 6284 6435 6587 6739 6892 7044 8117 8696 8998 9978 10810 10698 10588 10478 10370 10263 10157 10053 9950 9848 7511 7510 7512 7517 7526 7538 7553 7571 7592 7616 
1698 1517 1344 1300 795 300 1140 1788 6459 6759 7358 7658 7958 7378 7399 6379 6403 5123 4925 4529 4332 3092 3128 2541 2496 2262 1100 1140 1253 600 300 0 1200 900 1421 1556 2698 2609 3184 3257 4523 4667 4859 5052 5245 6552 6847 7143 7439 7736 8033 6325 6396 5381 3013 3236 3550 3123 1964 2675 2301 2575 3890 4035 3737 3513 4605 4181 4327 4474 4622 4770 4918 5067 5217 5367 5517 5667 5818 5969 5400 5507 4888 5530 6927 7250 7336 8070 8688 7724 7724 6120 6272 6424 6576 6728 6880 7032 7185 7338 8386 8940 9225 10184 11020 10911 10802 10695 10589 10485 10381 10279 10178 10079 7811 7810 7812 7817 7825 7837 7851 7868 7889 7912 
2728 2619 2523 2500 1689 1500 1860 2741 6634 6926 7512 7805 8100 7439 7399 6449 6403 5100 4901 4503 4304 3197 3138 2553 2625 2167 1628 1421 1253 600 900 1200 0 300 1140 1105 2478 2503 3098 3078 4327 4477 4677 4877 5077 6450 6750 7050 7350 7650 7950 6068 6113 5077 2403 2505 2739 2157 957 1554 1206 1375 2817 2951 2555 2319 3407 3087 3225 3365 3505 3648 3791 3935 4080 4226 4372 4519 4667 4815 4200 4309 3692 4338 6048 6434 6536 7350 7926 6842 6706 4964 5113 5263 5413 5563 5714 5865 6016 6167 7324 7986 8344 9390 10205 10087 9969 9853 9738 9624 9511 9400 9289 9181 6611 6610 6612 6618 6628 6641 6658 6679 6703 6731 
2457 2335 2227 2200 1423 1200 1628 2483 6570 6865 7456 7751 8048 7406 7381 6411 6382 5079 4879 4479 4280 3128 3092 2496 2541 2129 1421 1253 1140 300 600 900 300 0 1100 1118 2481 2476 3076 3080 4346 4495 4694 4893 5093 6455 6755 7054 7354 7654 7954 6112 6163 5128 2516 2656 2917 2378 1175 1825 1465 1675 3077 3214 2849 2617 3707 3354 3495 3637 3780 3924 4069 4215 4361 4508 4656 4804 4953 5102 4500 4608 3990 4636 6258 6627 6725 7519 8106 7054 6955 5251 5401 5552 5702 5853 6004 6155 6307 6459 7586 8219 8557 9581 10402 10286 10171 10057 9944 9833 9722 9613 9505 9399 6911 6910 6912 6918 6927 6940 6956 6976 6999 7026 
2200 2223 2327 2446 2198 1628 1200 2112 5494 5787 6374 6668 6963 6311 6282 5318 5284 3980 3780 3381 3181 2057 2002 1413 1490 1033 900 600 300 1140 1253 1421 1140 1100 0 200 1386 1377 1976 1983 3253 3402 3600 3799 3998 5356 5656 5955 6255 6555 6855 5031 5088 4057 1593 1835 2171 1874 998 1716 1368 2018 3731 3845 3237 2953 3802 3963 4083 4205 4329 4455 4584 4714 4845 4978 5112 5247 5384 5521 4645 4673 4045 4630 5540 5842 5925 6649 7269 6335 6420 5660 5799 5939 6080 6222 6364 6507 6651 6795 7122 7582 7832 8768 9607 9500 9393 9288 9185 9083 8982 8884 8786 8691 6977 7000 7027 7057 7090 7127 7167 7210 7256 7305 
2400 2421 2517 2627 2315 1780 1400 2311 5543 5833 6416 6709 7002 6336 6295 5347 5299 3995 3796 3399 3200 2122 2044 1472 1578 1075 1100 800 500 1208 1360 1556 1105 1118 200 0 1375 1402 1994 1975 3233 3382 3582 3782 3981 5350 5650 5950 6250 6550 6850 4994 5045 4011 1465 1682 2005 1680 816 1522 1179 1855 3589 3699 3066 2778 3608 3813 3929 4048 4170 4294 4420 4547 4677 4808 4940 5074 5209 5345 4451 4477 3849 4431 5381 5695 5781 6521 7134 6177 6239 5482 5621 5760 5900 6040 6182 6324 6467 6610 6936 7413 7676 8629 9465 9355 9247 9141 9035 8932 8830 8729 8630 8533 6779 6803 6830 6861 6896 6933 6974 7018 7066 7116 
2748 2917 3192 3408 3493 2831 1945 2549 4223 4506 5079 5368 5657 4973 4923 3992 3929 2627 2429 2035 1839 960 781 500 750 461 1745 1578 1455 2520 2594 2698 2478 2481 1386 1375 0 250 650 600 1867 2016 2214 2413 2612 3976 4276 4576 4876 5176 5476 3650 3712 2688 922 1299 1662 1904 1904 2305 2123 2915 4688 4774 3986 3685 4182 4863 4956 5052 5150 5252 5356 5462 5571 5682 5796 5911 6028 6146 5008 4942 4354 4816 4688 4879 4937 5543 6200 5456 5803 6267 6389 6512 6637 6763 6890 7018 7148 7278 6581 6789 6912 7715 8570 8475 8381 8289 8199 8111 8025 7942 7860 7781 7130 7183 7238 7297 7358 7423 7489 7559 7631 7706 
2535 2718 3010 3239 3400 2719 1777 2329 4145 4434 5015 5307 5600 4937 4905 3946 3906 2603 2403 2004 1804 781 650 250 500 354 1604 1472 1393 2485 2530 2609 2503 2476 1377 1402 250 0 600 650 1916 2062 2256 2452 2648 3988 4287 4587 4886 5185 5485 3717 3787 2777 1167 1545 1910 2124 2016 2475 2265 3052 4827 4919 4155 3854 4395 5013 5111 5211 5314 5420 5528 5638 5750 5865 5981 6099 6219 6340 5226 5167 4574 5046 4917 5095 5149 5733 6396 5681 6047 6463 6587 6712 6839 6967 7096 7226 7357 7489 6827 7019 7129 7911 8768 8675 8583 8493 8406 8320 8236 8155 8075 7998 7367 7418 7472 7528 7588 7650 7715 7783 7853 7925 
2906 3127 3461 3712 3970 3274 2273 2676 3574 3858 4434 4723 5015 4342 4306 3354 3308 2004 1804 1406 1206 500 250 650 781 951 2140 2044 1988 3083 3119 3184 3098 3076 1976 1994 650 600 0 250 1346 1487 1676 1868 2062 3391 3689 3988 4287 4587 4886 3148 3227 2239 1401 1746 2062 2452 2554 2930 2766 3560 5329 5412 4607 4307 4730 5498 5587 5679 5774 5871 5971 6073 6178 6284 6393 6504 6616 6730 5540 5449 4881 5301 4715 4826 4865 5368 6046 5449 5944 6846 6963 7082 7202 7324 7447 7571 7696 7822 6750 6816 6857 7558 8419 8333 8249 8167 8087 8010 7935 7862 7791 7724 7579 7640 7705 7772 7842 7914 7988 8065 8144 8226 
3093 3302 3620 3861 4050 3368 2407 2870 3664 3942 4506 4792 5079 4383 4326 3408 3334 2035 1839 1449 1257 750 500 781 960 996 2249 2122 2031 3111 3171 3257 3078 3080 1983 1975 600 650 250 0 1275 1422 1619 1817 2016 3376 3676 3976 4276 4576 4876 3070 3139 2127 1204 1532 1834 2264 2467 2788 2651 3444 5204 5281 4455 4156 4533 5362 5446 5533 5624 5717 5813 5911 6012 6115 6220 6327 6437 6548 5336 5236 4676 5082 4476 4597 4640 5165 5839 5214 5696 6661 6776 6892 7010 7130 7250 7373 7496 7620 6500 6578 6631 7353 8213 8125 8038 7954 7872 7793 7715 7641 7568 7498 7349 7413 7479 7548 7620 7694 7771 7850 7931 8014 
4164 4410 4769 5033 5313 4620 3611 3921 2706 2947 3458 3723 3993 3242 3135 2326 2174 976 833 643 627 1601 1458 1996 2103 2268 3487 3384 3305 4385 4445 4523 4327 4346 3253 3233 1867 1916 1346 1275 0 150 350 550 750 2132 2431 2731 3030 3330 3629 1803 1881 922 2151 2337 2482 3130 3635 3811 3753 4526 6230 6289 5400 5111 5247 6351 6416 6484 6555 6630 6706 6786 6868 6953 7040 7130 7222 7316 5979 5817 5329 5612 4026 3983 3986 4306 5001 4664 5425 7412 7510 7610 7712 7816 7921 8028 8137 8247 6261 6053 5951 6486 7346 7274 7204 7138 7074 7013 6955 6900 6849 6800 7721 7807 7895 7984 8076 8170 8266 8364 8463 8564 
4281 4532 4895 5161 5456 4761 3746 4037 2590 2825 3327 3590 3858 3102 2989 2195 2034 866 742 625 656 1720 1588 2136 2236 2414 3626 3527 3452 4533 4591 4667 4477 4495 3402 3382 2016 2062 1487 1422 150 0 200 400 600 1983 2282 2581 2880 3180 3479 1662 1744 814 2294 2472 2608 3265 3783 3953 3899 4670 6370 6427 5535 5247 5365 6488 6552 6619 6688 6761 6837 6915 6996 7079 7165 7253 7343 7435 6089 5922 5442 5713 4026 3960 3958 4244 4940 4647 5442 7530 7627 7725 7826 7928 8032 8137 8245 8353 6279 6035 5912 6418 7276 7207 7140 7076 7015 6957 6902 6851 6802 6756 7803 7891 7981 8073 8167 8263 8360 8459 8560 8663 
4441 4696 5065 5335 5646 4949 3927 4195 2441 2667 3156 3414 3678 2915 2796 2025 1848 742 656 656 742 1887 1767 2324 2417 2609 3813 3719 3648 4731 4786 4859 4677 4694 3600 3582 2214 2256 1676 1619 350 200 0 200 400 1784 2082 2381 2681 2980 3280 1477 1566 695 2486 2656 2778 3447 3982 4143 4095 4863 6557 6613 5717 5430 5525 6672 6734 6799 6867 6938 7011 7088 7166 7248 7331 7418 7506 7596 6239 6066 5595 5852 4034 3938 3929 4170 4866 4632 5470 7689 7784 7880 7979 8079 8181 8285 8390 8497 6309 6017 5865 6331 7188 7122 7059 6999 6942 6887 6837 6789 6744 6703 7916 8007 8099 8194 8290 8388 8488 8589 8692 8797 
4604 4863 5237 5510 5838 5139 4110 4356 2299 2514 2989 3241 3502 2731 2603 1860 1666 656 625 742 866 2059 1950 2514 2600 2804 4001 3912 3844 4929 4982 5052 4877 4893 3799 3782 2413 2452 1868 1817 550 400 200 0 200 1585 1883 2182 2481 2781 3080 1297 1394 618 2680 2841 2953 3631 4180 4334 4290 5057 6745 6799 5899 5613 5688 6857 6917 6980 7047 7116 7187 7262 7339 7418 7500 7584 7671 7759 6392 6212 5751 5993 4053 3927 3910 4103 4799 4625 5506 7850 7943 8037 8134 8232 8332 8434 8538 8643 6344 6005 5825 6250 7104 7042 6982 6926 6873 6823 6776 6732 6692 6655 8033 8126 8221 8317 8416 8516 8618 8722 8827 8933 
4769 5033 5411 5686 6030 5329 4294 4521 2167 2369 2825 3072 3327 2550 2412 1703 1488 625 656 866 1015 2236 2136 2706 2786 3001 4190 4105 4041 5127 5177 5245 5077 5093 3998 3981 2612 2648 2062 2016 750 600 400 200 0 1386 1684 1983 2282 2581 2880 1124 1230 602 2874 3029 3130 3816 4379 4526 4486 5251 6934 6987 6083 5798 5852 7042 7101 7163 7227 7295 7365 7437 7512 7590 7670 7752 7837 7924 6548 6362 5910 6138 4081 3926 3901 4045 4739 4627 5548 8013 8103 8196 8291 8387 8486 8586 8687 8791 6386 6000 5791 6175 7025 6966 6911 6858 6809 6763 6721 6681 6646 6613 8152 8248 8345 8444 8545 8647 8751 8857 8964 9072 
5891 6176 6580 6871 7325 6611 5543 5638 1500 1530 1749 1921 2121 1308 1076 928 555 1447 1638 2026 2221 3474 3424 4016 4060 4341 5472 5417 5378 6473 6506 6552 6450 6455 5356 5350 3976 3988 3391 3376 2132 1983 1784 1585 1386 0 300 600 900 1200 1500 884 1008 1622 4256 4392 4462 5171 5765 5900 5870 6630 8295 8342 7427 7147 7117 8393 8445 8500 8558 8618 8681 8745 8812 8882 8953 9027 9103 9180 7766 7553 7147 7310 4674 4349 4277 4086 4725 5036 6173 9260 9342 9425 9511 9598 9687 9777 9869 9963 6986 6316 5921 5989 6791 6762 6737 6715 6697 6682 6671 6664 6660 6660 9178 9286 9395 9506 9618 9731 9845 9961 10077 10195 
6165 6452 6859 7152 7619 6904 5833 5912 1530 1500 1616 1749 1921 1116 833 998 666 1734 1928 2319 2516 3766 3720 4313 4354 4640 5766 5714 5677 6772 6803 6847 6750 6755 5656 5650 4276 4287 3689 3676 2431 2282 2082 1883 1684 300 0 300 600 900 1200 1061 1160 1891 4550 4681 4744 5457 6063 6191 6165 6923 8582 8628 7709 7431 7381 8676 8727 8781 8836 8895 8955 9018 9083 9150 9220 9291 9365 9441 8019 7801 7405 7553 4813 4458 4378 4119 4738 5135 6307 9518 9598 9679 9762 9847 9934 10022 10112 10203 7111 6385 5954 5953 6738 6716 6698 6683 6672 6665 6661 6660 6664 6671 9387 9497 9609 9722 9837 9952 10068 10186 10304 10424 
6441 6731 7140 7434 7914 7198 6124 6189 1616 1530 1530 1616 1749 980 639 1145 871 2026 2221 2614 2811 4060 4016 4611 4649 4939 6060 6010 5975 7071 7101 7143 7050 7054 5955 5950 4576 4587 3988 3976 2731 2581 2381 2182 1983 600 300 0 300 600 900 1285 1362 2168 4846 4972 5028 5745 6361 6484 6461 7217 8870 8914 7993 7717 7647 8961 9011 9062 9116 9173 9232 9293 9356 9421 9488 9558 9630 9703 8275 8051 7666 7801 4966 4584 4496 4173 4769 5249 6453 9779 9856 9935 10016 10099 10183 10270 10357 10447 7247 6468 6002 5931 6699 6684 6673 6665 6661 6660 6663 6670 6681 6695 9601 9714 9828 9943 10059 10177 10295 10415 10535 10657 
6720 7011 7423 7718 8209 7492 6416 6467 1749 1616 1500 1530 1616 925 551 1344 1119 2319 2516 2910 3108 4354 4313 4909 4944 5238 6355 6308 6274 7371 7399 7439 7350 7354 6255 6250 4876 4886 4287 4276 3030 2880 2681 2481 2282 900 600 300 0 300 600 1535 1596 2451 5142 5264 5314 6034 6659 6777 6757 7511 9159 9202 8278 8003 7916 9247 9295 9345 9398 9452 9509 9568 9630 9693 9759 9827 9896 9968 8534 8305 7929 8051 5132 4726 4631 4248 4820 5378 6609 10041 10116 10194 10273 10353 10436 10520 10606 10693 7393 6564 6064 5925 6674 6665 6661 6660 6663 6669 6680 6693 6711 6732 9819 9934 10050 10168 10286 10406 10526 10647 10769 10892 
7000 7293 7707 8003 8504 7786 6709 6747 1921 1749 1530 1500 1530 965 615 1575 1389 2614 2811 3207 3405 4649 4611 5207 5240 5538 6650 6605 6573 7670 7697 7736 7650 7654 6555 6550 5176 5185 4587 4576 3330 3180 2980 2781 2581 1200 900 600 300 0 300 1800 1848 2737 5438 5556 5601 6324 6958 7070 7054 7806 9448 9490 8563 8290 8187 9534 9580 9629 9680 9733 9788 9846 9906 9967 10031 10097 10165 10234 8795 8562 8195 8305 5311 4882 4781 4342 4888 5520 6775 10306 10379 10454 10531 10610 10691 10773 10856 10942 7547 6671 6140 5934 6661 6660 6663 6669 6679 6692 6709 6730 6754 6782 10041 10159 10277 10396 10517 10638 10760 10883 11007 11131 
7282 7576 7992 8289 8800 8081 7002 7029 2121 1921 1616 1530 1500 1089 796 1827 1668 2910 3108 3504 3702 4944 4909 5505 5537 5837 6946 6903 6872 7969 7995 8033 7950 7954 6855 6850 5476 5485 4886 4876 3629 3479 3280 3080 2880 1500 1200 900 600 300 0 2075 2113 3026 5735 5849 5890 6615 7256 7364 7350 8101 9738 9779 8850 8578 8460 9821 9866 9914 9963 10015 10069 10125 10183 10243 10305 10369 10435 10503 9059 8822 8464 8562 5499 5051 4944 4455 4973 5674 6950 10572 10644 10717 10792 10869 10948 11028 11110 11193 7710 6791 6230 5958 6662 6668 6678 6691 6708 6728 6752 6779 6810 6845 10268 10387 10507 10628 10750 10873 10997 11122 11247 11373 
5893 6156 6533 6807 7115 6423 5404 5644 2314 2388 2633 2796 2980 2171 1892 1736 1370 1550 1680 1976 2136 3356 3244 3798 3894 4066 5288 5186 5100 6169 6240 6325 6068 6112 5031 4994 3650 3717 3148 3070 1803 1662 1477 1297 1124 884 1061 1285 1535 1800 2075 0 152 1000 3750 3824 3834 4571 5301 5340 5357 6085 7685 7720 6786 6518 6387 7759 7800 7844 7892 7941 7994 8049 8107 8168 8231 8296 8364 8435 6999 6771 6396 6518 3791 3479 3414 3302 3968 4173 5291 8507 8582 8659 8738 8819 8902 8987 9074 9162 6106 5474 5126 5312 6140 6097 6058 6023 5992 5964 5941 5922 5906 5895 8326 8437 8550 8664 8779 8895 9013 9131 9251 9372 
5997 6257 6630 6901 7188 6499 5490 5749 2458 2524 2751 2905 3081 2276 1983 1878 1510 1686 1809 2091 2245 3452 3332 3877 3980 4135 5367 5259 5165 6227 6305 6396 6113 6163 5088 5045 3712 3787 3227 3139 1881 1744 1566 1394 1230 1008 1160 1362 1596 1848 2113 152 0 1036 3776 3835 3831 4571 5331 5348 5376 6096 7678 7710 6773 6508 6349 7746 7784 7826 7870 7917 7967 8020 8075 8133 8193 8256 8322 8389 6947 6714 6351 6458 3667 3344 3276 3152 3816 4035 5166 8460 8532 8607 8683 8762 8843 8926 9011 9098 5978 5331 4976 5160 5989 5946 5907 5871 5840 5812 5789 5770 5755 5744 8239 8351 8466 8581 8698 8816 8935 9055 9176 9298 
5085 5330 5685 5945 6175 5496 4512 4843 2684 2855 3253 3474 3706 2900 2698 2171 1892 1226 1234 1343 1436 2522 2372 2885 3010 3120 4372 4248 4143 5197 5281 5381 5077 5128 4057 4011 2688 2777 2239 2127 922 814 695 618 602 1622 1891 2168 2451 2737 3026 1000 1036 0 2750 2832 2864 3590 4301 4349 4359 5092 6712 6753 5827 5553 5495 6797 6844 6895 6948 7005 7064 7127 7192 7261 7331 7405 7481 7559 6151 5945 5528 5708 3482 3325 3302 3486 4182 4026 4954 7640 7723 7809 7896 7986 8077 8171 8266 8364 5791 5401 5208 5640 6496 6431 6370 6312 6257 6206 6158 6114 6074 6037 7651 7752 7855 7959 8065 8172 8281 8392 8503 8617 
3482 3600 3802 3970 3780 3217 2561 3314 4779 5043 5582 5856 6133 5392 5282 4458 4324 3077 2896 2543 2372 1834 1612 1414 1662 1209 2298 2046 1809 2658 2825 3013 2403 2516 1593 1465 922 1167 1401 1204 2151 2294 2486 2680 2874 4256 4550 4846 5142 5438 5735 3750 3776 2750 0 378 750 1061 1557 1662 1616 2377 4087 4151 3289 2993 3331 4221 4295 4373 4455 4541 4631 4724 4821 4920 5022 5128 5235 5345 4140 4053 3481 3914 3988 4260 4339 5057 5677 4777 4989 5457 5572 5688 5806 5926 6048 6171 6296 6422 5742 6062 6266 7177 8019 7912 7808 7705 7604 7505 7408 7313 7220 7129 6215 6270 6329 6391 6457 6525 6596 6670 6747 6827 
3822 3925 4107 4259 3982 3460 2879 3662 5014 5269 5793 6060 6330 5571 5439 4662 4504 3293 3122 2790 2632 2196 1968 1793 2040 1578 2605 2338 2080 2831 3025 3236 2505 2656 1835 1682 1299 1545 1746 1532 2337 2472 2656 2841 3029 4392 4681 4972 5264 5556 5849 3824 3835 2832 378 0 378 794 1589 1517 1557 2261 3905 3958 3063 2775 3010 4016 4079 4148 4220 4298 4379 4464 4553 4646 4742 4841 4943 5048 3805 3705 3145 3556 3705 4014 4101 4865 5464 4500 4650 5155 5265 5377 5492 5608 5726 5846 5968 6091 5392 5759 5997 6952 7786 7675 7566 7459 7354 7250 7148 7049 6951 6856 5846 5904 5965 6030 6097 6168 6242 6320 6400 6482 
4195 4293 4465 4608 4278 3785 3245 4038 5185 5430 5934 6192 6455 5680 5525 4802 4618 3456 3296 2990 2846 2530 2294 2159 2408 1956 2968 2695 2428 3113 3325 3550 2739 2917 2171 2005 1662 1910 2062 1834 2482 2608 2778 2953 3130 4462 4744 5028 5314 5601 5890 3834 3831 2864 750 378 0 750 1792 1557 1684 2305 3851 3889 2965 2689 2778 3933 3983 4039 4099 4164 4235 4309 4388 4471 4558 4648 4742 4839 3544 3421 2886 3254 3377 3715 3810 4611 5190 4174 4281 4940 5042 5148 5256 5367 5479 5594 5711 5829 5017 5411 5675 6665 7490 7377 7264 7154 7045 6938 6833 6730 6628 6530 5517 5579 5645 5715 5788 5864 5943 6025 6110 6198 
4048 4093 4195 4293 3790 3388 3055 3930 5806 6063 6587 6854 7123 6362 6224 5456 5295 4087 3914 3578 3415 2857 2650 2351 2581 2040 2758 2462 2167 2616 2865 3123 2157 2378 1874 1680 1904 2124 2452 2264 3130 3265 3447 3631 3816 5171 5457 5745 6034 6324 6615 4571 4571 3590 1061 794 750 0 1204 814 999 1557 3125 3172 2270 1983 2282 3226 3287 3354 3426 3504 3587 3675 3767 3864 3964 4068 4175 4285 3104 3044 2450 2933 3893 4295 4403 5257 5804 4686 4602 4397 4513 4630 4750 4872 4996 5122 5249 5378 5272 5841 6188 7250 8057 7937 7818 7700 7583 7468 7355 7243 7133 7024 5272 5315 5362 5414 5469 5529 5592 5658 5729 5802 
3147 3126 3148 3201 2593 2245 2158 3084 6124 6406 6973 7259 7545 6840 6762 5872 5781 4493 4300 3915 3724 2788 2662 2151 2305 1750 1863 1570 1281 1423 1689 1964 957 1175 998 816 1904 2016 2554 2467 3635 3783 3982 4180 4379 5765 6063 6361 6659 6958 7256 5301 5331 4301 1557 1589 1792 1204 0 750 378 1061 2827 2927 2253 1964 2820 3032 3142 3255 3372 3491 3614 3739 3866 3995 4126 4259 4393 4529 3658 3702 3073 3678 5092 5478 5580 6402 6972 5887 5785 4666 4804 4944 5084 5225 5367 5509 5653 5797 6429 7043 7389 8433 9248 9129 9012 8896 8781 8668 8556 8445 8336 8228 6014 6031 6053 6078 6107 6140 6176 6217 6261 6308 
3892 3875 3894 3937 3242 2965 2899 3822 6429 6697 7242 7517 7795 7053 6937 6119 5985 4737 4554 4193 4015 3253 3086 2658 2850 2280 2602 2306 2010 2104 2388 2675 1554 1825 1716 1522 2305 2475 2930 2788 3811 3953 4143 4334 4526 5900 6191 6484 6777 7070 7364 5340 5348 4349 1662 1517 1557 814 750 0 378 750 2427 2497 1682 1381 2086 2574 2659 2749 2846 2947 3053 3163 3277 3394 3515 3638 3763 3891 2929 2959 2330 2929 4605 5043 5158 6038 6565 5388 5165 4020 4152 4285 4419 4555 4693 4831 4970 5111 5771 6475 6879 7988 8781 8656 8533 8410 8288 8168 8049 7931 7815 7700 5268 5288 5312 5341 5374 5411 5453 5499 5548 5602 
3525 3502 3516 3559 2887 2590 2536 3462 6313 6588 7145 7427 7709 6985 6888 6032 5920 4649 4460 4085 3900 3046 2898 2425 2599 2033 2241 1947 1655 1737 2016 2301 1206 1465 1368 1179 2123 2265 2766 2651 3753 3899 4095 4290 4486 5870 6165 6461 6757 7054 7350 5357 5376 4359 1616 1557 1684 999 378 378 0 794 2566 2654 1921 1625 2442 2748 2848 2953 3062 3175 3291 3411 3533 3658 3786 3915 4046 4179 3281 3324 2695 3302 4878 5292 5402 6255 6803 5668 5499 4314 4450 4587 4725 4865 5005 5147 5289 5432 6122 6787 7166 8245 9049 8927 8806 8687 8568 8451 8335 8220 8107 7995 5636 5653 5674 5700 5729 5763 5801 5843 5888 5937 
4033 3958 3892 3875 2983 2875 3087 4009 7105 7379 7934 8213 8494 7764 7659 6818 6698 5434 5246 4875 4691 3830 3689 3202 3363 2804 2810 2538 2273 1975 2275 2575 1375 1675 2018 1855 2915 3052 3560 3444 4526 4670 4863 5057 5251 6630 6923 7217 7511 7806 8101 6085 6096 5092 2377 2261 2305 1557 1061 750 794 0 1776 1870 1231 965 2040 1972 2081 2196 2315 2439 2566 2696 2829 2964 3101 3240 3380 3521 2825 2940 2330 2986 5223 5693 5814 6720 7223 5991 5644 3664 3808 3953 4098 4244 4391 4539 4687 4836 6185 7006 7465 8618 9394 9265 9136 9009 8883 8757 8632 8509 8387 8265 5237 5235 5237 5244 5256 5272 5292 5317 5347 5381 
5532 5394 5226 5126 3996 4170 4673 5557 8855 9124 9669 9943 10219 9472 9345 8545 8404 7163 6981 6619 6440 5606 5464 4975 5131 4576 4426 4186 3954 3343 3615 3890 2817 3077 3731 3589 4688 4827 5329 5204 6230 6370 6557 6745 6934 8295 8582 8870 9159 9448 9738 7685 7678 6712 4087 3905 3851 3125 2827 2427 2566 1776 0 156 955 1179 1972 312 468 624 780 936 1092 1248 1404 1560 1716 1872 2028 2184 2296 2583 2226 2795 6130 6682 6821 7796 8197 6818 6131 2340 2496 2652 2808 2964 3120 3276 3432 3588 6471 7579 8187 9461 10163 10021 9880 9739 9599 9459 9319 9180 9042 8904 4507 4454 4406 4362 4324 4291 4264 4242 4226 4215 
5671 5536 5373 5276 4149 4316 4804 5692 8926 9193 9733 10006 10281 9528 9396 8608 8461 7228 7047 6689 6512 5699 5552 5072 5232 4674 4554 4310 4073 3484 3758 4035 2951 3214 3845 3699 4774 4919 5412 5281 6289 6427 6613 6799 6987 8342 8628 8914 9202 9490 9779 7720 7710 6753 4151 3958 3889 3172 2927 2497 2654 1870 156 0 952 1203 1898 156 312 468 624 780 936 1092 1248 1404 1560 1716 1872 2028 2176 2471 2141 2691 6087 6645 6786 7765 8155 6766 6053 2184 2340 2496 2652 2808 2964 3120 3276 3432 6377 7503 8123 9405 10099 9957 9814 9673 9531 9390 9250 9110 8970 8831 4362 4307 4257 4212 4172 4138 4110 4087 4070 4059 
