NAME: pr136
TYPE: 136-city
OPTIMAL: 96772
DIMENSION: 136
EDGE_WEIGHT_FORMAT: FULL_MATRIX
0 1975 7150 9125 1222 637 707 1298 5976 6600 7791 8416 9146 7177 5001 2072 625 2312 795 2129 7194 9160 8483 7864 6686 6070 1679 1279 1242 1621 1420 2432 7290 9235 9475 7591 3225 2550 3095 2914 2930 3125 6618 7187 8294 8883 9662 7823 5927 3739 3175 3933 3345 3885 7894 9719 9172 8602 7541 7001 3871 3715 3702 3846 3970 4434 8178 9951 10453 8783 5469 5100 5538 5439 5447 5555 8055 8529 9480 10000 10772 9160 6056 5725 6213 5895 6217 7633 9267 10864 10454 9958 9057 8613 6337 6242 6235 6321 6520 6813 9676 11215 11907 10471 7901 7650 8047 7979 7985 8059 9949 10336 11134 11580 12318 10936 8507 8275 8645 8445 8673 9716 11065 12433 12144 11719 10964 10600 8850 8783 8778 8839 12866 11549 9283 9070 
1975 0 5175 7150 3172 2551 1375 779 4005 4628 5818 6442 7177 5213 3059 625 2072 4235 2129 795 5236 7194 6530 5915 4750 4144 1320 1740 2765 3346 2432 1420 5366 7290 7591 5769 2550 3225 4260 3820 3158 2948 4912 5432 6476 7042 7823 6071 4413 3175 3739 5297 3885 3345 6162 7894 7403 6867 5892 5417 3729 3898 4450 4833 4434 3970 6522 8178 8783 7266 5100 5469 6264 5973 5573 5457 6724 7113 7939 8407 9160 7717 5725 6056 7154 6217 5895 6527 7844 9267 8943 8504 7739 7383 6251 6353 6706 6966 6813 6520 8324 9676 10471 9236 7650 7901 8563 8353 8072 7992 8905 9203 9855 10236 10936 9760 8275 8507 9345 8673 8445 8874 9904 11065 10870 10512 9903 9627 8789 8862 9119 9312 11549 10442 9070 9283 
7150 5175 0 1975 8338 7713 6522 5898 1222 637 707 1298 2072 625 2312 5213 7177 9377 7194 5236 795 2129 1679 1279 1242 1621 5994 6609 7787 8406 7290 5366 1420 2432 3225 2550 5769 7591 8809 8221 7115 6548 3095 2914 2930 3125 3739 3175 3933 6071 7823 9902 7894 6162 3345 3885 3871 3715 3702 3846 6935 7473 8532 9100 8178 6522 3970 4434 5469 5100 7266 8783 9934 9416 8468 7998 5538 5439 5447 5555 6056 5725 7717 9160 11008 9267 7844 6213 5895 6217 6337 6242 6235 6321 8559 9001 9898 10392 9676 8324 6520 6813 7901 7650 9236 10471 11523 11080 10286 9902 8047 7979 7985 8059 8507 8275 9760 10936 12542 11065 9904 8645 8445 8673 8850 8783 8778 8839 10556 10917 11668 12090 9283 9070 10442 11549 
9125 7150 1975 0 10312 9687 8496 7871 3172 2551 1375 779 625 2072 4235 7177 9146 11347 9160 7194 2129 795 1320 1740 2765 3346 7943 8562 9745 10367 9235 7290 2432 1420 2550 3225 7591 9475 10696 10096 8959 8369 4260 3820 3158 2948 3175 3739 5297 7823 9662 11785 9719 7894 3885 3345 3729 3898 4450 4833 8675 9245 10351 10938 9951 8178 4434 3970 5100 5469 8783 10453 11641 11091 10067 9546 6264 5973 5573 5457 5725 6056 9160 10772 12728 10864 9267 7154 6217 5895 6251 6353 6706 6966 10021 10519 11502 12033 11215 9676 6813 6520 7650 7901 10471 11907 13023 12534 11638 11190 8563 8353 8072 7992 8275 8507 10936 12318 14076 12433 11065 9345 8673 8445 8789 8862 9119 9312 11773 12199 13057 13527 9070 9283 11549 12866 
1222 3172 8338 10312 0 625 1817 2442 7150 7775 8967 9592 10312 8338 6145 3173 1223 1094 1278 3194 8346 10318 9625 9003 7816 7195 2570 1985 1015 800 1621 3346 8406 10367 10548 8628 3871 2533 2550 2625 3131 3531 7591 8182 9323 9925 10698 8811 6805 4263 3099 3121 3257 4379 8868 10745 10160 9572 8466 7896 4146 3811 3408 3350 3846 4833 9100 10938 11366 9611 5737 4934 5100 5138 5414 5654 8783 9298 10316 10864 11643 9937 6268 5543 5593 5709 6416 8237 10031 11723 11261 10734 9760 9270 6385 6173 5933 5900 6321 6966 10392 12033 12653 11104 7990 7435 7650 7675 7863 8030 10471 10907 11787 12269 13026 11527 8568 8052 8114 8220 8726 10119 11645 13131 12783 12321 11483 11069 8796 8643 8473 8450 13527 12090 9312 8839 
637 2551 7713 9687 625 0 1192 1817 6525 7150 8342 8967 9687 7713 5522 2552 640 1691 739 2578 7722 9694 9003 8380 7195 6574 1985 1436 800 1015 1242 2765 7787 9745 9938 8026 3381 2308 2625 2550 2815 3131 7006 7591 8723 9323 10097 8222 6247 3824 2919 3377 3086 3952 8283 10147 9572 8990 7896 7335 3811 3556 3350 3408 3702 4450 8532 10351 10802 9074 5418 4822 5138 5100 5237 5414 8282 8783 9777 10316 11093 9419 5978 5444 5740 5613 6132 7783 9518 11177 10734 10218 9270 8797 6173 6019 5900 5933 6235 6706 9898 11502 12150 10643 7764 7361 7675 7650 7742 7863 10055 10471 11319 11787 12537 11083 8358 7984 8216 8154 8520 9753 11206 12646 12321 11874 11069 10676 8643 8534 8450 8473 13057 11668 9119 8778 
707 1375 6522 8496 1817 1192 0 625 5333 5958 7150 7775 8496 6523 4334 1377 709 2863 799 1425 6533 8504 7816 7195 6011 5393 1015 800 1436 1985 1279 1740 6609 8562 8781 6889 2610 2328 3131 2815 2550 2625 5911 6481 7591 8182 8960 7117 5227 3163 2935 4091 3101 3318 7187 9016 8466 7896 6835 6298 3408 3350 3556 3811 3715 3898 7473 9245 9748 8086 4974 4832 5414 5237 5100 5138 7379 7843 8783 9298 10070 8472 5578 5452 6188 5621 5744 6991 8581 10162 9760 9270 8385 7953 5933 5900 6019 6173 6242 6353 9001 10519 11223 9814 7461 7367 7863 7742 7650 7675 9325 9696 10471 10907 11641 10290 8077 7990 8535 8160 8245 9134 10422 11758 11483 11069 10339 9992 8473 8450 8534 8643 12199 10917 8862 8783 
1298 779 5898 7871 2442 1817 625 0 4708 5333 6525 7150 7871 5898 3712 781 1299 3483 1350 864 5910 7880 7195 6574 5393 4775 800 1015 1985 2570 1679 1320 5994 7943 8178 6302 2351 2570 3531 3131 2625 2550 5354 5911 7006 7591 8371 6550 4724 2953 3130 4547 3286 3118 6626 8430 7896 7335 6298 5778 3350 3408 3811 4146 3871 3729 6935 8675 9209 7592 4843 4953 5654 5414 5138 5100 6941 7379 8282 8783 9549 8001 5462 5560 6498 5725 5631 6623 8117 9646 9270 8797 7953 7548 5900 5933 6173 6385 6337 6251 8559 10021 10758 9411 7375 7447 8030 7863 7675 7650 8983 9325 10055 10471 11194 9906 7997 8064 8762 8232 8166 8855 10043 11315 11069 10676 9992 9673 8450 8473 8643 8796 11773 10556 8789 8850 
5976 4005 1222 3172 7150 6525 5333 4708 0 625 1817 2442 3173 1223 1094 4005 5976 8178 5988 4022 1278 3194 2570 1985 1015 800 4775 5393 6574 7195 6070 4144 1621 3346 3871 2533 4578 6375 7591 7006 5911 5354 2550 2625 3131 3531 4263 3099 3121 4914 6620 8684 6695 5016 3257 4379 4146 3811 3408 3350 5778 6298 7335 7896 7001 5417 3846 4833 5737 4934 6236 7653 8783 8282 7379 6941 5100 5138 5414 5654 6268 5543 6728 8058 9847 8174 6866 5593 5709 6416 6385 6173 5933 5900 7548 7953 8797 9270 8613 7383 6321 6966 7990 7435 8356 9460 10471 10055 9325 8983 7650 7675 7863 8030 8568 8052 8910 9953 11468 10089 9062 8114 8220 8726 8796 8643 8473 8450 9673 9992 10676 11069 9312 8839 9627 10600 
6600 4628 637 2551 7775 7150 5958 5333 625 0 1192 1817 2552 640 1691 4629 6601 8802 6611 4643 739 2578 1985 1436 800 1015 5393 6011 7195 7816 6686 4750 1242 2765 3381 2308 5133 6963 8182 7591 6481 5911 2625 2550 2815 3131 3824 2919 3377 5435 7189 9275 7258 5526 3086 3952 3811 3556 3350 3408 6298 6835 7896 8466 7541 5892 3702 4450 5418 4822 6654 8149 9298 8783 7843 7379 5138 5100 5237 5414 5978 5444 7117 8532 10371 8641 7247 5740 5613 6132 6173 6019 5900 5933 7953 8385 9270 9760 9057 7739 6235 6706 7764 7361 8672 9866 10907 10471 9696 9325 7675 7650 7742 7863 8358 7984 9207 10340 11921 10471 9354 8216 8154 8520 8643 8534 8450 8473 9992 10339 11069 11483 9119 8778 9903 10964 
7791 5818 707 1375 8967 8342 7150 6525 1817 1192 0 625 1377 709 2863 5819 7791 9993 7800 5830 799 1425 1015 800 1436 1985 6574 7195 8380 9003 7864 5915 1279 1740 2610 2328 6227 8101 9323 8723 7591 7006 3131 2815 2550 2625 3163 2935 4091 6478 8295 10412 8356 6555 3101 3318 3408 3350 3556 3811 7335 7896 8990 9572 8602 6867 3715 3898 4974 4832 7530 9141 10316 9777 8783 8282 5414 5237 5100 5138 5578 5452 7942 9483 11400 9581 8059 6188 5621 5744 5933 5900 6019 6173 8797 9270 10218 10734 9958 8504 6242 6353 7461 7367 9361 10700 11787 11319 10471 10055 7863 7742 7650 7675 8077 7990 9859 11138 12826 11260 9997 8535 8160 8245 8473 8450 8534 8643 10676 11069 11874 12321 8862 8783 10512 11719 
8416 6442 1298 779 9592 8967 7775 7150 2442 1817 625 0 781 1299 3483 6443 8416 10618 8424 6453 1350 864 800 1015 1985 2570 7195 7816 9003 9625 8483 6530 1679 1320 2351 2570 6814 8703 9925 9323 8182 7591 3531 3131 2625 2550 2953 3130 4547 7044 8885 11012 8941 7115 3286 3118 3350 3408 3811 4146 7896 8466 9572 10160 9172 7403 3871 3729 4843 4953 8022 9678 10864 10316 9298 8783 5654 5414 5138 5100 5462 5560 8410 10003 11951 10096 8521 6498 5725 5631 5900 5933 6173 6385 9270 9760 10734 11261 10454 8943 6337 6251 7375 7447 9761 11163 12269 11787 10907 10471 8030 7863 7675 7650 7997 8064 10240 11583 13318 11701 10372 8762 8232 8166 8450 8473 8643 8796 11069 11483 12321 12783 8789 8850 10870 12144 
9146 7177 2072 625 10312 9687 8496 7871 3173 2552 1377 781 0 1975 4176 7150 9125 11325 9127 7152 1982 170 864 1425 2578 3194 7880 8504 9694 10318 9160 7194 2129 795 1925 2758 7405 9326 10547 9937 8779 8176 3868 3377 2606 2347 2550 3225 4937 7591 9475 11628 9522 7650 3361 2720 3118 3318 3952 4379 8430 9016 10147 10745 9719 7894 3885 3345 4475 4891 8435 10163 11364 10800 9746 9206 5733 5414 4969 4838 5100 5469 8783 10453 12456 10537 8882 6657 5628 5270 5631 5744 6132 6416 9646 10162 11177 11723 10864 9267 6217 5895 7025 7297 10024 11516 12651 12147 11220 10755 7986 7760 7456 7370 7650 7901 10471 11907 13714 12017 10596 8790 8066 7820 8166 8245 8520 8726 11315 11758 12646 13131 8445 8673 11065 12433 
7177 5213 625 2072 8338 7713 6523 5898 1223 640 709 1299 1975 0 2202 5175 7150 9350 7152 5178 170 1982 1350 799 739 1278 5910 6533 7722 8346 7194 5236 795 2129 2758 1925 5521 7405 8627 8025 6888 6300 2528 2303 2323 2566 3225 2550 3433 5769 7591 9714 7650 5846 2720 3361 3286 3101 3086 3257 6626 7187 8283 8868 7894 6162 3345 3885 4891 4475 6842 8435 9608 9072 8083 7589 4929 4817 4827 4948 5469 5100 7266 8783 10691 8882 7386 5632 5270 5628 5725 5621 5613 5709 8117 8581 9518 10031 9267 7844 5895 6217 7297 7025 8725 10024 11101 10640 9811 9407 7430 7356 7362 7442 7901 7650 9236 10471 12135 10596 9377 8042 7820 8066 8232 8160 8154 8220 10043 10422 11206 11645 8673 8445 9904 11065 
5001 3059 2312 4235 6145 5522 4334 3712 1094 1691 2863 3483 4176 2202 0 2976 4951 7150 4951 2976 2202 4176 3483 2863 1691 1094 3712 4334 5522 6145 5001 3059 2312 4235 4562 2868 3498 5281 6498 5912 4821 4271 2379 2706 3558 4074 4848 3304 2550 3864 5530 7591 5608 3974 3433 4937 4547 4091 3377 3121 4724 5227 6247 6805 5927 4413 3933 5297 6058 4910 5303 6616 7726 7240 6380 5975 4809 4979 5489 5836 6525 5476 5831 7046 8783 7168 5978 5100 5632 6657 6498 6188 5740 5593 6623 6991 7783 8237 7633 6527 6213 7154 8099 7280 7551 8524 9495 9104 8437 8135 7321 7434 7785 8033 8641 7878 8129 9041 10471 9183 8287 7650 8042 8790 8762 8535 8216 8114 8855 9134 9753 10119 9345 8645 8874 9716 
2072 625 5213 7177 3173 2552 1377 781 4005 4629 5819 6443 7150 5175 2976 0 1975 4176 1982 170 5178 7152 6453 5830 4643 4022 864 1425 2578 3194 2129 795 5236 7194 7405 5521 1925 2758 3868 3377 2606 2347 4576 5130 6225 6812 7591 5769 3974 2550 3225 4937 3361 2720 5846 7650 7115 6555 5526 5016 3118 3318 3952 4379 3885 3345 6162 7894 8435 6842 4475 4891 5733 5414 4969 4838 6232 6650 7527 8019 8783 7266 5100 5469 6657 5628 5270 5978 7386 8882 8521 8059 7247 6866 5631 5744 6132 6416 6217 5895 7844 9267 10024 8725 7025 7297 7986 7760 7456 7370 8351 8668 9357 9758 10471 9236 7650 7901 8790 8066 7820 8287 9377 10596 10372 9997 9354 9062 8166 8245 8520 8726 11065 9904 8445 8673 
625 2072 7177 9146 1223 640 709 1299 5976 6601 7791 8416 9125 7150 4951 1975 0 2202 170 1982 7152 9127 8424 7800 6611 5988 1350 799 739 1278 795 2129 7194 9160 9326 7405 2758 1925 2528 2303 2323 2566 6373 6962 8099 8702 9475 7591 5608 3225 2550 3433 2720 3361 7650 9522 8941 8356 7258 6695 3286 3101 3086 3257 3345 3885 7894 9719 10163 8435 4891 4475 4929 4817 4827 4948 7649 8146 9138 9676 10453 8783 5469 5100 5632 5270 5628 7168 8882 10537 10096 9581 8641 8174 5725 5621 5613 5709 5895 6217 9267 10864 11516 10024 7297 7025 7430 7356 7362 7442 9456 9863 10696 11159 11907 10471 7901 7650 8042 7820 8066 9183 10596 12017 11701 11260 10471 10089 8232 8160 8154 8220 12433 11065 8673 8445 
2312 4235 9377 11347 1094 1691 2863 3483 8178 8802 9993 10618 11325 9350 7150 4176 2202 0 2202 4176 9350 11325 10618 9993 8802 8178 3483 2863 1691 1094 2312 4235 9377 11347 11474 9529 4562 2868 2379 2706 3558 4074 8446 9052 10214 10826 11590 9669 7591 4848 3304 2550 3433 4937 9714 11628 11012 10412 9275 8684 4547 4091 3377 3121 3933 5297 9902 11785 12146 10329 6058 4910 4809 4979 5489 5836 9424 9970 11036 11604 12386 10610 6525 5476 5100 5632 6657 8783 10691 12456 11951 11400 10371 9847 6498 6188 5740 5593 6213 7154 11008 12728 13282 11644 8099 7280 7321 7434 7785 8033 10921 11396 12339 12850 13619 12027 8641 7878 7650 8042 8790 10471 12135 13714 13318 12826 11921 11468 8762 8535 8216 8114 14076 12542 9345 8645 
795 2129 7194 9160 1278 739 799 1350 5988 6611 7800 8424 9127 7152 4951 1982 170 2202 0 1975 7150 9125 8416 7791 6601 5976 1299 709 640 1223 625 2072 7177 9146 9292 7362 2642 1755 2379 2139 2160 2419 6315 6909 8054 8660 9430 7536 5530 3093 2380 3304 2550 3225 7591 9475 8885 8295 7189 6620 3130 2935 2919 3099 3175 3739 7823 9662 10090 8346 4736 4305 4764 4648 4658 4784 7544 8048 9050 9593 10372 8685 5311 4930 5476 5100 5469 7046 8783 10453 10003 9483 8532 8058 5560 5452 5444 5543 5725 6056 9160 10772 11413 9905 7134 6855 7262 7187 7193 7275 9325 9737 10580 11048 11799 10348 7736 7480 7878 7650 7901 9041 10471 11907 11583 11138 10340 9953 8064 7990 7984 8052 12318 10936 8507 8275 
2129 795 5236 7194 3194 2578 1425 864 4022 4643 5830 6453 7152 5178 2976 170 1982 4176 1975 0 5175 7150 6443 5819 4629 4005 781 1377 2552 3173 2072 625 5213 7177 7362 5464 1755 2642 3772 3267 2462 2185 4495 5059 6166 6758 7536 5696 3864 2380 3093 4848 3225 2550 5769 7591 7044 6478 5435 4914 2953 3163 3824 4263 3739 3175 6071 7823 8346 6732 4305 4736 5592 5264 4806 4670 6103 6529 7420 7919 8685 7147 4930 5311 6525 5469 5100 5831 7266 8783 8410 7942 7117 6728 5462 5578 5978 6268 6056 5725 7717 9160 9905 8589 6855 7134 7830 7599 7289 7201 8203 8524 9225 9630 10348 9096 7480 7736 8641 7901 7650 8129 9236 10471 10240 9859 9207 8910 7997 8077 8358 8568 10936 9760 8275 8507 
7194 5236 795 2129 8346 7722 6533 5910 1278 739 799 1350 1982 170 2202 5178 7152 9350 7150 5175 0 1975 1299 709 640 1223 5898 6523 7713 8338 7177 5213 625 2072 2642 1755 5464 7362 8584 7979 6834 6242 2379 2139 2160 2419 3093 2380 3304 5696 7536 9669 7591 5769 2550 3225 3130 2935 2919 3099 6550 7117 8222 8811 7823 6071 3175 3739 4736 4305 6732 8346 9525 8983 7984 7483 4764 4648 4658 4784 5311 4930 7147 8685 10610 8783 7266 5476 5100 5469 5560 5452 5444 5543 8001 8472 9419 9937 9160 7717 5725 6056 7134 6855 8589 9905 10989 10523 9684 9275 7262 7187 7193 7275 7736 7480 9096 10348 12027 10471 9236 7878 7650 7901 8064 7990 7984 8052 9906 10290 11083 11527 8507 8275 9760 10936 
9160 7194 2129 795 10318 9694 8504 7880 3194 2578 1425 864 170 1982 4176 7152 9127 11325 9125 7150 1975 0 781 1377 2552 3173 7871 8496 9687 10312 9146 7177 2072 625 1755 2642 7362 9292 10512 9900 8738 8132 3772 3267 2462 2185 2380 3093 4848 7536 9430 11590 9475 7591 3225 2550 2953 3163 3824 4263 8371 8960 10097 10698 9662 7823 3739 3175 4305 4736 8346 10090 11293 10726 9663 9119 5592 5264 4806 4670 4930 5311 8685 10372 12386 10453 8783 6525 5469 5100 5462 5578 5978 6268 9549 10070 11093 11643 10772 9160 6056 5725 6855 7134 9905 11413 12553 12045 11109 10639 7830 7599 7289 7201 7480 7736 10348 11799 13619 11907 10471 8641 7901 7650 7997 8077 8358 8568 11194 11641 12537 13026 8275 8507 10936 12318 
8483 6530 1679 1320 9625 9003 7816 7195 2570 1985 1015 800 864 1350 3483 6453 8424 10618 8416 6443 1299 781 0 625 1817 2442 7150 7775 8967 9592 8416 6442 1298 779 1608 1913 6594 8532 9750 9136 7970 7361 3004 2523 1858 1750 2185 2419 4074 6758 8660 10826 8702 6812 2566 2347 2550 2625 3131 3531 7591 8182 9323 9925 8883 7042 3125 2948 4054 4184 7572 9309 10512 9945 8885 8343 4945 4668 4345 4300 4670 4784 7919 9593 11604 9676 8019 5836 4948 4838 5100 5138 5414 5654 8783 9298 10316 10864 10000 8407 5555 5457 6579 6660 9175 10654 11787 11284 10362 9902 7272 7087 6878 6850 7201 7275 9630 11048 12850 11159 9758 8033 7442 7370 7650 7675 7863 8030 10471 10907 11787 12269 7992 8059 10236 11580 
7864 5915 1279 1740 9003 8380 7195 6574 1985 1436 800 1015 1425 799 2863 5830 7800 9993 7791 5819 709 1377 625 0 1192 1817 6525 7150 8342 8967 7791 5818 707 1375 1967 1574 5986 7917 9136 8524 7361 6756 2523 2117 1750 1858 2462 2160 3558 6166 8054 10214 8099 6225 2323 2606 2625 2550 2815 3131 7006 7591 8723 9323 8294 6476 2930 3158 4209 4040 7048 8748 9945 9385 8343 7814 4668 4462 4300 4345 4806 4658 7420 9050 11036 9138 7527 5489 4827 4969 5138 5100 5237 5414 8282 8783 9777 10316 9480 7939 5447 5573 6676 6571 8748 10167 11284 10794 9902 9460 7087 6953 6850 6878 7289 7193 9225 10580 12339 10696 9357 7785 7362 7456 7675 7650 7742 7863 10055 10471 11319 11787 8072 7985 9855 11134 
6686 4750 1242 2765 7816 7195 6011 5393 1015 800 1436 1985 2578 739 1691 4643 6611 8802 6601 4629 640 2552 1817 1192 0 625 5333 5958 7150 7775 6600 4628 637 2551 2913 1544 4837 6748 7970 7361 6210 5613 1858 1750 2117 2523 3267 2139 2706 5059 6909 9052 6962 5130 2303 3377 3131 2815 2550 2625 5911 6481 7591 8182 7187 5432 2914 3820 4726 4029 6103 7706 8885 8343 7348 6851 4345 4300 4462 4668 5264 4648 6529 8048 9970 8146 6650 4979 4817 5414 5414 5237 5100 5138 7379 7843 8783 9298 8529 7113 5439 5973 7013 6564 8006 9287 10362 9902 9079 8681 6878 6850 6953 7087 7599 7187 8524 9737 11396 9863 8668 7434 7356 7760 7863 7742 7650 7675 9325 9696 10471 10907 8353 7979 9203 10336 
6070 4144 1621 3346 7195 6574 5393 4775 800 1015 1985 2570 3194 1278 1094 4022 5988 8178 5976 4005 1223 3173 2442 1817 625 0 4708 5333 6525 7150 5976 4005 1222 3172 3470 1863 4245 6139 7361 6756 5613 5023 1750 1858 2523 3004 3772 2379 2379 4495 6315 8446 6373 4576 2528 3868 3531 3131 2625 2550 5354 5911 7006 7591 6618 4912 3095 4260 5088 4161 5645 7179 8343 7814 6851 6376 4300 4345 4668 4945 5592 4764 6103 7544 9424 7649 6232 4809 4929 5733 5654 5414 5138 5100 6941 7379 8282 8783 8055 6724 5538 6264 7262 6646 7663 8854 9902 9460 8681 8312 6850 6878 7087 7272 7830 7262 8203 9325 10921 9456 8351 7321 7430 7986 8030 7863 7675 7650 8983 9325 10055 10471 8563 8047 8905 9949 
1679 1320 5994 7943 2570 1985 1015 800 4775 5393 6574 7195 7880 5910 3712 864 1350 3483 1299 781 5898 7871 7150 6525 5333 4708 0 625 1817 2442 1298 779 5898 7871 7996 6063 1608 1913 3004 2523 1858 1750 5023 5613 6756 7361 8132 6242 4271 2185 2419 4074 2566 2347 6300 8176 7591 7006 5911 5354 2550 2625 3131 3531 3125 2948 6548 8369 8819 7114 4054 4184 4945 4668 4345 4300 6376 6851 7814 8343 9119 7483 4670 4784 5836 4948 4838 5975 7589 9206 8783 8282 7379 6941 5100 5138 5414 5654 5555 5457 7998 9546 10229 8801 6579 6660 7272 7087 6878 6850 8312 8681 9460 9902 10639 9275 7201 7275 8033 7442 7370 8135 9407 10755 10471 10055 9325 8983 7650 7675 7863 8030 11190 9902 7992 8059 
1279 1740 6609 8562 1985 1436 800 1015 5393 6011 7195 7816 8504 6533 4334 1425 799 2863 709 1377 6523 8496 7775 7150 5958 5333 625 0 1192 1817 707 1375 6522 8496 8611 6672 1967 1574 2523 2117 1750 1858 5613 6210 7361 7970 8738 6834 4821 2462 2160 3558 2323 2606 6888 8779 8182 7591 6481 5911 2625 2550 2815 3131 2930 3158 7115 8959 9381 7640 4209 4040 4668 4462 4300 4345 6851 7348 8343 8885 9663 7984 4806 4658 5489 4827 4969 6380 8083 9746 9298 8783 7843 7379 5138 5100 5237 5414 5447 5573 8468 10067 10717 9231 6676 6571 7087 6953 6850 6878 8681 9079 9902 10362 11109 9684 7289 7193 7785 7362 7456 8437 9811 11220 10907 10471 9696 9325 7675 7650 7742 7863 11638 10286 8072 7985 
1242 2765 7787 9745 1015 800 1436 1985 6574 7195 8380 9003 9694 7722 5522 2578 739 1691 640 2552 7713 9687 8967 8342 7150 6525 1817 1192 0 625 637 2551 7713 9687 9788 7840 2913 1544 1858 1750 2117 2523 6756 7361 8524 9136 9900 7979 5912 3267 2139 2706 2303 3377 8025 9937 9323 8723 7591 7006 3131 2815 2550 2625 2914 3820 8221 10096 10472 8679 4726 4029 4345 4300 4462 4668 7814 8343 9385 9945 10726 8983 5264 4648 4979 4817 5414 7240 9072 10800 10316 9777 8783 8282 5414 5237 5100 5138 5439 5973 9416 11091 11684 10108 7013 6564 6878 6850 6953 7087 9460 9902 10794 11284 12045 10523 7599 7187 7434 7356 7760 9104 10640 12147 11787 11319 10471 10055 7863 7742 7650 7675 12534 11080 8353 7979 
1621 3346 8406 10367 800 1015 1985 2570 7195 7816 9003 9625 10318 8346 6145 3194 1278 1094 1223 3173 8338 10312 9592 8967 7775 7150 2442 1817 625 0 1222 3172 8338 10312 10407 8456 3470 1863 1750 1858 2523 3004 7361 7970 9136 9750 10512 8584 6498 3772 2379 2379 2528 3868 8627 10547 9925 9323 8182 7591 3531 3131 2625 2550 3095 4260 8809 10696 11052 9238 5088 4161 4300 4345 4668 4945 8343 8885 9945 10512 11293 9525 5592 4764 4809 4929 5733 7726 9608 11364 10864 10316 9298 8783 5654 5414 5138 5100 5538 6264 9934 11641 12207 10592 7262 6646 6850 6878 7087 7272 9902 10362 11284 11787 12553 10989 7830 7262 7321 7430 7986 9495 11101 12651 12269 11787 10907 10471 8030 7863 7675 7650 13023 11523 8563 8047 
1420 2432 7290 9235 1621 1242 1279 1679 6070 6686 7864 8483 9160 7194 5001 2129 795 2312 625 2072 7177 9146 8416 7791 6600 5976 1298 707 637 1222 0 1975 7150 9125 9195 7239 2275 1130 1863 1544 1574 1913 6139 6748 7917 8532 9292 7362 5281 2642 1755 2868 1925 2758 7405 9326 8703 8101 6963 6375 2570 2328 2308 2533 2550 3225 7591 9475 9839 8041 4176 3680 4161 4029 4040 4184 7179 7706 8748 9309 10090 8346 4736 4305 4910 4475 4891 6616 8435 10163 9678 9141 8149 7653 4953 4832 4822 4934 5100 5469 8783 10453 11049 9483 6536 6230 6646 6564 6571 6660 8854 9287 10167 10654 11413 9905 7134 6855 7280 7025 7297 8524 10024 11516 11163 10700 9866 9460 7447 7367 7361 7435 11907 10471 7901 7650 
2432 1420 5366 7290 3346 2765 1740 1320 4144 4750 5915 6530 7194 5236 3059 795 2129 4235 2072 625 5213 7177 6442 5818 4628 4005 779 1375 2551 3172 1975 0 5175 7150 7239 5297 1130 2275 3470 2913 1967 1608 4245 4837 5986 6594 7362 5464 3498 1755 2642 4562 2758 1925 5521 7405 6814 6227 5133 4578 2351 2610 3381 3871 3225 2550 5769 7591 8041 6350 3680 4176 5088 4726 4209 4054 5645 6103 7048 7572 8346 6732 4305 4736 6058 4891 4475 5303 6842 8435 8022 7530 6654 6236 4843 4974 5418 5737 5469 5100 7266 8783 9483 8099 6230 6536 7262 7013 6676 6579 7663 8006 8748 9175 9905 8589 6855 7134 8099 7297 7025 7551 8725 10024 9761 9361 8672 8356 7375 7461 7764 7990 10471 9236 7650 7901 
7290 5366 1420 2432 8406 7787 6609 5994 1621 1242 1279 1679 2129 795 2312 5236 7194 9377 7177 5213 625 2072 1298 707 637 1222 5898 6522 7713 8338 7150 5175 0 1975 2275 1130 5297 7239 8456 7840 6672 6063 1863 1544 1574 1913 2642 1755 2868 5464 7362 9529 7405 5521 1925 2758 2570 2328 2308 2533 6302 6889 8026 8628 7591 5769 2550 3225 4176 3680 6350 8041 9238 8679 7640 7114 4161 4029 4040 4184 4736 4305 6732 8346 10329 8435 6842 4910 4475 4891 4953 4832 4822 4934 7592 8086 9074 9611 8783 7266 5100 5469 6536 6230 8099 9483 10592 10108 9231 8801 6646 6564 6571 6660 7134 6855 8589 9905 11644 10024 8725 7280 7025 7297 7447 7367 7361 7435 9411 9814 10643 11104 7901 7650 9236 10471 
9235 7290 2432 1420 10367 9745 8562 7943 3346 2765 1740 1320 795 2129 4235 7194 9160 11347 9146 7177 2072 625 779 1375 2551 3172 7871 8496 9687 10312 9125 7150 1975 0 1130 2275 7239 9195 10407 9788 8611 7996 3470 2913 1967 1608 1755 2642 4562 7362 9292 11474 9326 7405 2758 1925 2351 2610 3381 3871 8178 8781 9938 10548 9475 7591 3225 2550 3680 4176 8041 9839 11052 10472 9381 8819 5088 4726 4209 4054 4305 4736 8346 10090 12146 10163 8435 6058 4891 4475 4843 4974 5418 5737 9209 9748 10802 11366 10453 8783 5469 5100 6230 6536 9483 11049 12207 11684 10717 10229 7262 7013 6676 6579 6855 7134 9905 11413 13282 11516 10024 8099 7297 7025 7375 7461 7764 7990 10758 11223 12150 12653 7650 7901 10471 11907 
9475 7591 3225 2550 10548 9938 8781 8178 3871 3381 2610 2351 1925 2758 4562 7405 9326 11474 9292 7362 2642 1755 1608 1967 2913 3470 7996 8611 9788 10407 9195 7239 2275 1130 0 1975 7150 9125 10312 9687 8496 7871 3172 2551 1375 779 625 2072 4235 7177 9146 11347 9160 7194 2129 795 1320 1740 2765 3346 7943 8562 9745 10367 9235 7290 2432 1420 2550 3225 7591 9475 10696 10096 8959 8369 4260 3820 3158 2948 3175 3739 7823 9662 11785 9719 7894 5297 3885 3345 3729 3898 4450 4833 8675 9245 10351 10938 9951 8178 4434 3970 5100 5469 8783 10453 11641 11091 10067 9546 6264 5973 5573 5457 5725 6056 9160 10772 12728 10864 9267 7154 6217 5895 6251 6353 6706 6966 10021 10519 11502 12033 6520 6813 9676 11215 
7591 5769 2550 3225 8628 8026 6889 6302 2533 2308 2328 2570 2758 1925 2868 5521 7405 9529 7362 5464 1755 2642 1913 1574 1544 1863 6063 6672 7840 8456 7239 5297 1130 2275 1975 0 5175 7150 8338 7713 6522 5898 1222 637 707 1298 2072 625 2312 5213 7177 9377 7194 5236 795 2129 1679 1279 1242 1621 5994 6609 7787 8406 7290 5366 1420 2432 3225 2550 5769 7591 8809 8221 7115 6548 3095 2914 2930 3125 3739 3175 6071 7823 9902 7894 6162 3933 3345 3885 3871 3715 3702 3846 6935 7473 8532 9100 8178 6522 3970 4434 5469 5100 7266 8783 9934 9416 8468 7998 5538 5439 5447 5555 6056 5725 7717 9160 11008 9267 7844 6213 5895 6217 6337 6242 6235 6321 8559 9001 9898 10392 6813 6520 8324 9676 
3225 2550 5769 7591 3871 3381 2610 2351 4578 5133 6227 6814 7405 5521 3498 1925 2758 4562 2642 1755 5464 7362 6594 5986 4837 4245 1608 1967 2913 3470 2275 1130 5297 7239 7150 5175 0 1975 3172 2551 1375 779 4005 4628 5818 6442 7177 5213 3059 625 2072 4235 2129 795 5236 7194 6530 5915 4750 4144 1320 1740 2765 3346 2432 1420 5366 7290 7591 5769 2550 3225 4260 3820 3158 2948 4912 5432 6476 7042 7823 6071 3175 3739 5297 3885 3345 4413 6162 7894 7403 6867 5892 5417 3729 3898 4450 4833 4434 3970 6522 8178 8783 7266 5100 5469 6264 5973 5573 5457 6724 7113 7939 8407 9160 7717 5725 6056 7154 6217 5895 6527 7844 9267 8943 8504 7739 7383 6251 6353 6706 6966 9676 8324 6520 6813 
2550 3225 7591 9475 2533 2308 2328 2570 6375 6963 8101 8703 9326 7405 5281 2758 1925 2868 1755 2642 7362 9292 8532 7917 6748 6139 1913 1574 1544 1863 1130 2275 7239 9195 9125 7150 1975 0 1222 637 707 1298 5976 6600 7791 8416 9146 7177 5001 2072 625 2312 795 2129 7194 9160 8483 7864 6686 6070 1679 1279 1242 1621 1420 2432 7290 9235 9475 7591 3225 2550 3095 2914 2930 3125 6618 7187 8294 8883 9662 7823 3739 3175 3933 3345 3885 5927 7894 9719 9172 8602 7541 7001 3871 3715 3702 3846 3970 4434 8178 9951 10453 8783 5469 5100 5538 5439 5447 5555 8055 8529 9480 10000 10772 9160 6056 5725 6213 5895 6217 7633 9267 10864 10454 9958 9057 8613 6337 6242 6235 6321 11215 9676 6813 6520 
3095 4260 8809 10696 2550 2625 3131 3531 7591 8182 9323 9925 10547 8627 6498 3868 2528 2379 2379 3772 8584 10512 9750 9136 7970 7361 3004 2523 1858 1750 1863 3470 8456 10407 10312 8338 3172 1222 0 625 1817 2442 7150 7775 8967 9592 10312 8338 6145 3173 1223 1094 1278 3194 8346 10318 9625 9003 7816 7195 2570 1985 1015 800 1621 3346 8406 10367 10548 8628 3871 2533 2550 2625 3131 3531 7591 8182 9323 9925 10698 8811 4263 3099 3121 3257 4379 6805 8868 10745 10160 9572 8466 7896 4146 3811 3408 3350 3846 4833 9100 10938 11366 9611 5737 4934 5100 5138 5414 5654 8783 9298 10316 10864 11643 9937 6268 5543 5593 5709 6416 8237 10031 11723 11261 10734 9760 9270 6385 6173 5933 5900 12033 10392 6966 6321 
2914 3820 8221 10096 2625 2550 2815 3131 7006 7591 8723 9323 9937 8025 5912 3377 2303 2706 2139 3267 7979 9900 9136 8524 7361 6756 2523 2117 1750 1858 1544 2913 7840 9788 9687 7713 2551 637 625 0 1192 1817 6525 7150 8342 8967 9687 7713 5522 2552 640 1691 739 2578 7722 9694 9003 8380 7195 6574 1985 1436 800 1015 1242 2765 7787 9745 9938 8026 3381 2308 2625 2550 2815 3131 7006 7591 8723 9323 10097 8222 3824 2919 3377 3086 3952 6247 8283 10147 9572 8990 7896 7335 3811 3556 3350 3408 3702 4450 8532 10351 10802 9074 5418 4822 5138 5100 5237 5414 8282 8783 9777 10316 11093 9419 5978 5444 5740 5613 6132 7783 9518 11177 10734 10218 9270 8797 6173 6019 5900 5933 11502 9898 6706 6235 
2930 3158 7115 8959 3131 2815 2550 2625 5911 6481 7591 8182 8779 6888 4821 2606 2323 3558 2160 2462 6834 8738 7970 7361 6210 5613 1858 1750 2117 2523 1574 1967 6672 8611 8496 6522 1375 707 1817 1192 0 625 5333 5958 7150 7775 8496 6523 4334 1377 709 2863 799 1425 6533 8504 7816 7195 6011 5393 1015 800 1436 1985 1279 1740 6609 8562 8781 6889 2610 2328 3131 2815 2550 2625 5911 6481 7591 8182 8960 7117 3163 2935 4091 3101 3318 5227 7187 9016 8466 7896 6835 6298 3408 3350 3556 3811 3715 3898 7473 9245 9748 8086 4974 4832 5414 5237 5100 5138 7379 7843 8783 9298 10070 8472 5578 5452 6188 5621 5744 6991 8581 10162 9760 9270 8385 7953 5933 5900 6019 6173 10519 9001 6353 6242 
3125 2948 6548 8369 3531 3131 2625 2550 5354 5911 7006 7591 8176 6300 4271 2347 2566 4074 2419 2185 6242 8132 7361 6756 5613 5023 1750 1858 2523 3004 1913 1608 6063 7996 7871 5898 779 1298 2442 1817 625 0 4708 5333 6525 7150 7871 5898 3712 781 1299 3483 1350 864 5910 7880 7195 6574 5393 4775 800 1015 1985 2570 1679 1320 5994 7943 8178 6302 2351 2570 3531 3131 2625 2550 5354 5911 7006 7591 8371 6550 2953 3130 4547 3286 3118 4724 6626 8430 7896 7335 6298 5778 3350 3408 3811 4146 3871 3729 6935 8675 9209 7592 4843 4953 5654 5414 5138 5100 6941 7379 8282 8783 9549 8001 5462 5560 6498 5725 5631 6623 8117 9646 9270 8797 7953 7548 5900 5933 6173 6385 10021 8559 6251 6337 
6618 4912 3095 4260 7591 7006 5911 5354 2550 2625 3131 3531 3868 2528 2379 4576 6373 8446 6315 4495 2379 3772 3004 2523 1858 1750 5023 5613 6756 7361 6139 4245 1863 3470 3172 1222 4005 5976 7150 6525 5333 4708 0 625 1817 2442 3173 1223 1094 4005 5976 8178 5988 4022 1278 3194 2570 1985 1015 800 4775 5393 6574 7195 6070 4144 1621 3346 3871 2533 4578 6375 7591 7006 5911 5354 2550 2625 3131 3531 4263 3099 4914 6620 8684 6695 5016 3121 3257 4379 4146 3811 3408 3350 5778 6298 7335 7896 7001 5417 3846 4833 5737 4934 6236 7653 8783 8282 7379 6941 5100 5138 5414 5654 6268 5543 6728 8058 9847 8174 6866 5593 5709 6416 6385 6173 5933 5900 7548 7953 8797 9270 6966 6321 7383 8613 
7187 5432 2914 3820 8182 7591 6481 5911 2625 2550 2815 3131 3377 2303 2706 5130 6962 9052 6909 5059 2139 3267 2523 2117 1750 1858 5613 6210 7361 7970 6748 4837 1544 2913 2551 637 4628 6600 7775 7150 5958 5333 625 0 1192 1817 2552 640 1691 4629 6601 8802 6611 4643 739 2578 1985 1436 800 1015 5393 6011 7195 7816 6686 4750 1242 2765 3381 2308 5133 6963 8182 7591 6481 5911 2625 2550 2815 3131 3824 2919 5435 7189 9275 7258 5526 3377 3086 3952 3811 3556 3350 3408 6298 6835 7896 8466 7541 5892 3702 4450 5418 4822 6654 8149 9298 8783 7843 7379 5138 5100 5237 5414 5978 5444 7117 8532 10371 8641 7247 5740 5613 6132 6173 6019 5900 5933 7953 8385 9270 9760 6706 6235 7739 9057 
8294 6476 2930 3158 9323 8723 7591 7006 3131 2815 2550 2625 2606 2323 3558 6225 8099 10214 8054 6166 2160 2462 1858 1750 2117 2523 6756 7361 8524 9136 7917 5986 1574 1967 1375 707 5818 7791 8967 8342 7150 6525 1817 1192 0 625 1377 709 2863 5819 7791 9993 7800 5830 799 1425 1015 800 1436 1985 6574 7195 8380 9003 7864 5915 1279 1740 2610 2328 6227 8101 9323 8723 7591 7006 3131 2815 2550 2625 3163 2935 6478 8295 10412 8356 6555 4091 3101 3318 3408 3350 3556 3811 7335 7896 8990 9572 8602 6867 3715 3898 4974 4832 7530 9141 10316 9777 8783 8282 5414 5237 5100 5138 5578 5452 7942 9483 11400 9581 8059 6188 5621 5744 5933 5900 6019 6173 8797 9270 10218 10734 6353 6242 8504 9958 
8883 7042 3125 2948 9925 9323 8182 7591 3531 3131 2625 2550 2347 2566 4074 6812 8702 10826 8660 6758 2419 2185 1750 1858 2523 3004 7361 7970 9136 9750 8532 6594 1913 1608 779 1298 6442 8416 9592 8967 7775 7150 2442 1817 625 0 781 1299 3483 6443 8416 10618 8424 6453 1350 864 800 1015 1985 2570 7195 7816 9003 9625 8483 6530 1679 1320 2351 2570 6814 8703 9925 9323 8182 7591 3531 3131 2625 2550 2953 3130 7044 8885 11012 8941 7115 4547 3286 3118 3350 3408 3811 4146 7896 8466 9572 10160 9172 7403 3871 3729 4843 4953 8022 9678 10864 10316 9298 8783 5654 5414 5138 5100 5462 5560 8410 10003 11951 10096 8521 6498 5725 5631 5900 5933 6173 6385 9270 9760 10734 11261 6251 6337 8943 10454 
9662 7823 3739 3175 10698 10097 8960 8371 4263 3824 3163 2953 2550 3225 4848 7591 9475 11590 9430 7536 3093 2380 2185 2462 3267 3772 8132 8738 9900 10512 9292 7362 2642 1755 625 2072 7177 9146 10312 9687 8496 7871 3173 2552 1377 781 0 1975 4176 7150 9125 11325 9127 7152 1982 170 864 1425 2578 3194 7880 8504 9694 10318 9160 7194 2129 795 1925 2758 7405 9326 10547 9937 8779 8176 3868 3377 2606 2347 2550 3225 7591 9475 11628 9522 7650 4937 3361 2720 3118 3318 3952 4379 8430 9016 10147 10745 9719 7894 3885 3345 4475 4891 8435 10163 11364 10800 9746 9206 5733 5414 4969 4838 5100 5469 8783 10453 12456 10537 8882 6657 5628 5270 5631 5744 6132 6416 9646 10162 11177 11723 5895 6217 9267 10864 
7823 6071 3175 3739 8811 8222 7117 6550 3099 2919 2935 3130 3225 2550 3304 5769 7591 9669 7536 5696 2380 3093 2419 2160 2139 2379 6242 6834 7979 8584 7362 5464 1755 2642 2072 625 5213 7177 8338 7713 6523 5898 1223 640 709 1299 1975 0 2202 5175 7150 9350 7152 5178 170 1982 1350 799 739 1278 5910 6533 7722 8346 7194 5236 795 2129 2758 1925 5521 7405 8627 8025 6888 6300 2528 2303 2323 2566 3225 2550 5769 7591 9714 7650 5846 3433 2720 3361 3286 3101 3086 3257 6626 7187 8283 8868 7894 6162 3345 3885 4891 4475 6842 8435 9608 9072 8083 7589 4929 4817 4827 4948 5469 5100 7266 8783 10691 8882 7386 5632 5270 5628 5725 5621 5613 5709 8117 8581 9518 10031 6217 5895 7844 9267 
5927 4413 3933 5297 6805 6247 5227 4724 3121 3377 4091 4547 4937 3433 2550 3974 5608 7591 5530 3864 3304 4848 4074 3558 2706 2379 4271 4821 5912 6498 5281 3498 2868 4562 4235 2312 3059 5001 6145 5522 4334 3712 1094 1691 2863 3483 4176 2202 0 2976 4951 7150 4951 2976 2202 4176 3483 2863 1691 1094 3712 4334 5522 6145 5001 3059 2312 4235 4562 2868 3498 5281 6498 5912 4821 4271 2379 2706 3558 4074 4848 3304 3864 5530 7591 5608 3974 2550 3433 4937 4547 4091 3377 3121 4724 5227 6247 6805 5927 4413 3933 5297 6058 4910 5303 6616 7726 7240 6380 5975 4809 4979 5489 5836 6525 5476 5831 7046 8783 7168 5978 5100 5632 6657 6498 6188 5740 5593 6623 6991 7783 8237 7154 6213 6527 7633 
3739 3175 6071 7823 4263 3824 3163 2953 4914 5435 6478 7044 7591 5769 3864 2550 3225 4848 3093 2380 5696 7536 6758 6166 5059 4495 2185 2462 3267 3772 2642 1755 5464 7362 7177 5213 625 2072 3173 2552 1377 781 4005 4629 5819 6443 7150 5175 2976 0 1975 4176 1982 170 5178 7152 6453 5830 4643 4022 864 1425 2578 3194 2129 795 5236 7194 7405 5521 1925 2758 3868 3377 2606 2347 4576 5130 6225 6812 7591 5769 2550 3225 4937 3361 2720 3974 5846 7650 7115 6555 5526 5016 3118 3318 3952 4379 3885 3345 6162 7894 8435 6842 4475 4891 5733 5414 4969 4838 6232 6650 7527 8019 8783 7266 5100 5469 6657 5628 5270 5978 7386 8882 8521 8059 7247 6866 5631 5744 6132 6416 9267 7844 5895 6217 
3175 3739 7823 9662 3099 2919 2935 3130 6620 7189 8295 8885 9475 7591 5530 3225 2550 3304 2380 3093 7536 9430 8660 8054 6909 6315 2419 2160 2139 2379 1755 2642 7362 9292 9146 7177 2072 625 1223 640 709 1299 5976 6601 7791 8416 9125 7150 4951 1975 0 2202 170 1982 7152 9127 8424 7800 6611 5988 1350 799 739 1278 795 2129 7194 9160 9326 7405 2758 1925 2528 2303 2323 2566 6373 6962 8099 8702 9475 7591 3225 2550 3433 2720 3361 5608 7650 9522 8941 8356 7258 6695 3286 3101 3086 3257 3345 3885 7894 9719 10163 8435 4891 4475 4929 4817 4827 4948 7649 8146 9138 9676 10453 8783 5469 5100 5632 5270 5628 7168 8882 10537 10096 9581 8641 8174 5725 5621 5613 5709 10864 9267 6217 5895 
3933 5297 9902 11785 3121 3377 4091 4547 8684 9275 10412 11012 11628 9714 7591 4937 3433 2550 3304 4848 9669 11590 10826 10214 9052 8446 4074 3558 2706 2379 2868 4562 9529 11474 11347 9377 4235 2312 1094 1691 2863 3483 8178 8802 9993 10618 11325 9350 7150 4176 2202 0 2202 4176 9350 11325 10618 9993 8802 8178 3483 2863 1691 1094 2312 4235 9377 11347 11474 9529 4562 2868 2379 2706 3558 4074 8446 9052 10214 10826 11590 9669 4848 3304 2550 3433 4937 7591 9714 11628 11012 10412 9275 8684 4547 4091 3377 3121 3933 5297 9902 11785 12146 10329 6058 4910 4809 4979 5489 5836 9424 9970 11036 11604 12386 10610 6525 5476 5100 5632 6657 8783 10691 12456 11951 11400 10371 9847 6498 6188 5740 5593 12728 11008 7154 6213 
3345 3885 7894 9719 3257 3086 3101 3286 6695 7258 8356 8941 9522 7650 5608 3361 2720 3433 2550 3225 7591 9475 8702 8099 6962 6373 2566 2323 2303 2528 1925 2758 7405 9326 9160 7194 2129 795 1278 739 799 1350 5988 6611 7800 8424 9127 7152 4951 1982 170 2202 0 1975 7150 9125 8416 7791 6601 5976 1299 709 640 1223 625 2072 7177 9146 9292 7362 2642 1755 2379 2139 2160 2419 6315 6909 8054 8660 9430 7536 3093 2380 3304 2550 3225 5530 7591 9475 8885 8295 7189 6620 3130 2935 2919 3099 3175 3739 7823 9662 10090 8346 4736 4305 4764 4648 4658 4784 7544 8048 9050 9593 10372 8685 5311 4930 5476 5100 5469 7046 8783 10453 10003 9483 8532 8058 5560 5452 5444 5543 10772 9160 6056 5725 
3885 3345 6162 7894 4379 3952 3318 3118 5016 5526 6555 7115 7650 5846 3974 2720 3361 4937 3225 2550 5769 7591 6812 6225 5130 4576 2347 2606 3377 3868 2758 1925 5521 7405 7194 5236 795 2129 3194 2578 1425 864 4022 4643 5830 6453 7152 5178 2976 170 1982 4176 1975 0 5175 7150 6443 5819 4629 4005 781 1377 2552 3173 2072 625 5213 7177 7362 5464 1755 2642 3772 3267 2462 2185 4495 5059 6166 6758 7536 5696 2380 3093 4848 3225 2550 3864 5769 7591 7044 6478 5435 4914 2953 3163 3824 4263 3739 3175 6071 7823 8346 6732 4305 4736 5592 5264 4806 4670 6103 6529 7420 7919 8685 7147 4930 5311 6525 5469 5100 5831 7266 8783 8410 7942 7117 6728 5462 5578 5978 6268 9160 7717 5725 6056 
7894 6162 3345 3885 8868 8283 7187 6626 3257 3086 3101 3286 3361 2720 3433 5846 7650 9714 7591 5769 2550 3225 2566 2323 2303 2528 6300 6888 8025 8627 7405 5521 1925 2758 2129 795 5236 7194 8346 7722 6533 5910 1278 739 799 1350 1982 170 2202 5178 7152 9350 7150 5175 0 1975 1299 709 640 1223 5898 6523 7713 8338 7177 5213 625 2072 2642 1755 5464 7362 8584 7979 6834 6242 2379 2139 2160 2419 3093 2380 5696 7536 9669 7591 5769 3304 2550 3225 3130 2935 2919 3099 6550 7117 8222 8811 7823 6071 3175 3739 4736 4305 6732 8346 9525 8983 7984 7483 4764 4648 4658 4784 5311 4930 7147 8685 10610 8783 7266 5476 5100 5469 5560 5452 5444 5543 8001 8472 9419 9937 6056 5725 7717 9160 
9719 7894 3885 3345 10745 10147 9016 8430 4379 3952 3318 3118 2720 3361 4937 7650 9522 11628 9475 7591 3225 2550 2347 2606 3377 3868 8176 8779 9937 10547 9326 7405 2758 1925 795 2129 7194 9160 10318 9694 8504 7880 3194 2578 1425 864 170 1982 4176 7152 9127 11325 9125 7150 1975 0 781 1377 2552 3173 7871 8496 9687 10312 9146 7177 2072 625 1755 2642 7362 9292 10512 9900 8738 8132 3772 3267 2462 2185 2380 3093 7536 9430 11590 9475 7591 4848 3225 2550 2953 3163 3824 4263 8371 8960 10097 10698 9662 7823 3739 3175 4305 4736 8346 10090 11293 10726 9663 9119 5592 5264 4806 4670 4930 5311 8685 10372 12386 10453 8783 6525 5469 5100 5462 5578 5978 6268 9549 10070 11093 11643 5725 6056 9160 10772 
9172 7403 3871 3729 10160 9572 8466 7896 4146 3811 3408 3350 3118 3286 4547 7115 8941 11012 8885 7044 3130 2953 2550 2625 3131 3531 7591 8182 9323 9925 8703 6814 2570 2351 1320 1679 6530 8483 9625 9003 7816 7195 2570 1985 1015 800 864 1350 3483 6453 8424 10618 8416 6443 1299 781 0 625 1817 2442 7150 7775 8967 9592 8416 6442 1298 779 1608 1913 6594 8532 9750 9136 7970 7361 3004 2523 1858 1750 2185 2419 6758 8660 10826 8702 6812 4074 2566 2347 2550 2625 3131 3531 7591 8182 9323 9925 8883 7042 3125 2948 4054 4184 7572 9309 10512 9945 8885 8343 4945 4668 4345 4300 4670 4784 7919 9593 11604 9676 8019 5836 4948 4838 5100 5138 5414 5654 8783 9298 10316 10864 5457 5555 8407 10000 
8602 6867 3715 3898 9572 8990 7896 7335 3811 3556 3350 3408 3318 3101 4091 6555 8356 10412 8295 6478 2935 3163 2625 2550 2815 3131 7006 7591 8723 9323 8101 6227 2328 2610 1740 1279 5915 7864 9003 8380 7195 6574 1985 1436 800 1015 1425 799 2863 5830 7800 9993 7791 5819 709 1377 625 0 1192 1817 6525 7150 8342 8967 7791 5818 707 1375 1967 1574 5986 7917 9136 8524 7361 6756 2523 2117 1750 1858 2462 2160 6166 8054 10214 8099 6225 3558 2323 2606 2625 2550 2815 3131 7006 7591 8723 9323 8294 6476 2930 3158 4209 4040 7048 8748 9945 9385 8343 7814 4668 4462 4300 4345 4806 4658 7420 9050 11036 9138 7527 5489 4827 4969 5138 5100 5237 5414 8282 8783 9777 10316 5573 5447 7939 9480 
