NAME: ulysses16.tsp
TYPE: TSP
OPTIMAL: 6859
DIMENSION: 16
EDGE_WEIGHT_FORMAT: FULL_MATRIX
0 517 494 325 1035 726 638 80 1023 709 2277 462 443 468 623 145 
517 0 131 454 1548 1233 1133 546 1453 1123 2767 959 948 981 1136 566 
494 131 0 515 1527 1180 1073 540 1363 1033 2696 904 898 939 1115 509 
325 454 515 0 1188 982 916 276 1333 1029 2534 747 719 720 797 465 
1035 1548 1527 1188 0 478 596 1002 871 883 1465 691 676 613 412 1038 
726 1233 1180 982 478 0 125 727 487 408 1555 277 285 263 299 672 
638 1133 1073 916 596 125 0 650 463 306 1639 176 198 207 343 568 
80 546 540 276 1002 727 650 0 1057 754 2282 477 452 465 592 218 
1023 1453 1363 1333 871 487 463 1057 0 331 1366 599 635 666 784 911 
709 1123 1033 1029 883 408 306 754 331 0 1680 349 389 446 641 588 
2277 2767 2696 2534 1465 1555 1639 2282 1366 1680 0 1815 1834 1818 1760 2202 
462 959 904 747 691 277 176 477 599 349 1815 0 40 107 339 396 
443 948 898 719 676 285 198 452 635 389 1834 40 0 73 310 389 
468 981 939 720 613 263 207 465 666 446 1818 107 73 0 237 434 
623 1136 1115 797 412 299 343 592 784 641 1760 339 310 237 0 632 
145 566 509 465 1038 672 568 218 911 588 2202 396 389 434 632 0 
EOF
